-2.300698450491344971e-01
-2.781098998936075151e-01
-4.436829044341814715e-02
-2.465155982440244420e-01
-2.247571939739273494e-01
-3.125457714575303747e-01
-3.108859002382058923e-01
-2.342913501553704758e-01
-1.032721305560796721e-01
-2.137555766818454994e-01
-1.654287950934844043e-01
3.486073912820240872e-02
-1.347621029181554908e-01
-2.843330683086229757e-02
-2.100372049610271241e-01
-2.052723806859269307e-01
-4.120089725435546052e-02
-1.929803289096845287e-01
-2.095948002967793211e-01
-6.240263715518644394e-02
-9.372888772400649049e-02
-1.453794357118354807e-01
-2.594799893150636638e-01
-8.777947169000027694e-02
3.963367123056241864e-02
-1.573996915732634172e-01
-1.801988687120898436e-01
-1.302314088342151066e-01
-1.808483249861123632e-01
-1.178871059765918411e-01
-4.537070382411712705e-02
-4.502897685508044229e-02
-1.108982488960775226e-01
-6.880143489150218616e-02
8.181477756550687916e-03
-1.363332310602530517e-01
-1.032787949496873220e-01
-2.328335349253410069e-01
-1.811101554240548417e-01
-1.426238928560989716e-01
-8.326194400923742078e-02
-1.774118511944022536e-01
-8.202821319570027803e-02
-2.223674141076333322e-01
-1.632123397053719671e-01
-9.557536028487989554e-02
-1.570578428942191740e-01
-1.217641262359815957e-01
-1.336265511640006287e-01
-1.590490763843056821e-01
-9.293652830271539877e-02
-1.931154163617726793e-01
-1.296234904336227844e-01
-1.463415250943857493e-01
-5.342800837576962975e-02
-1.130203008826178440e-01
-1.912987995343858050e-01
-2.292578380796090054e-01
-2.158384851908934920e-01
-1.665903657056814202e-01
-2.221966232600509628e-01
-3.249048437185811933e-01
-3.369852778423977346e-01
-7.521565944308544749e-02
-1.176543358754805618e-01
-2.193617398948265185e-01
-1.554969753538535115e-01
-2.220883428016241223e-01
-2.447473681186614902e-01
-1.694275380967570355e-01
-2.348506009114333659e-01
-1.955573529526537235e-01
-1.330183974693142923e-01
-1.990325084587430682e-01
-2.344845156260608743e-01
-3.186190043960945295e-01
-2.901475861067345785e-01
-1.293078529511652308e-01
-8.962473850801049025e-02
-2.036979372445038849e-01
-1.896170686558771093e-02
-2.125798607883640223e-01
-2.133328372705132481e-01
-1.661202196068363446e-02
-1.905304307638225059e-01
-1.152460642730229884e-01
-2.133446475051071212e-01
-1.606318366469484393e-01
-1.587073760055325855e-01
-9.136089127511927421e-02
-2.284326983242824516e-01
-7.551564559850504343e-02
-4.241558137506570847e-02
-2.523666131893656517e-01
-1.771743345702200823e-01
-1.264433975399805732e-01
-3.129185837454152158e-02
-7.595702662737077726e-02
-1.942404471618021655e-01
-1.597282182237075021e-01
-2.190087640278155778e-01
-1.567175719204155215e-01
-1.805350853785235299e-01
-9.181976935378058369e-02
-2.038357328859517481e-01
-1.096062494836505530e-01
-2.284116868020022798e-02
-2.587812873155663218e-01
-3.109619345484273545e-01
-1.294930149702167299e-01
-2.457524977628676721e-01
-1.071040175408003977e-03
-1.103762178407624306e-01
-2.609498503441000095e-01
-1.763131989224398510e-01
-2.378966883919200748e-02
-2.657069377986719938e-01
-3.127123204580397609e-01
-2.103166740381043343e-01
-2.388756920628181124e-01
-1.406845320467567106e-01
-5.821171036746268512e-02
-2.561353153348305267e-01
-7.950326698559991023e-02
1.873302604268384935e-02
-2.048611007606332690e-01
-7.785028711744915175e-02
-9.770071414008364707e-02
-1.216457283225273606e-01
-1.599354381844788897e-01
-1.633776994502467994e-01
-1.704773662467978790e-01
-1.468462437615784266e-01
-9.313508221422533984e-02
-2.620071128227424717e-01
-2.459688605260519079e-01
-1.895196935942067007e-01
-7.630419101298878404e-02
-3.291126977613807736e-02
-1.068437018351399981e-01
-1.099589125042463866e-01
-8.207298962052486657e-02
-4.334441856483380040e-02
-1.194244665446049930e-01
-5.899801129187344506e-02
-1.612441275781057448e-01
-2.830756368042612880e-01
-1.570514719473170562e-01
-2.008348005228790811e-01
-7.672602251737141443e-02
-7.154072753570120402e-02
-6.503476696685125957e-02
-2.246069831491619151e-01
-2.340743385476078131e-01
-1.103883969830225242e-01
-1.836155143453603589e-01
-1.311215553913128162e-01
-1.524113804221123303e-01
-1.315199848247211589e-01
-2.020432721913642538e-01
-1.025667902260213871e-01
-3.163920291349339164e-01
-2.046124190016784250e-01
-8.037363949403936170e-02
-1.274006580565684998e-01
-9.227628055000237917e-02
-4.559788918601208330e-02
-1.196407815454695323e-01
-2.020723700895054598e-01
-7.871691509779864260e-02
-2.461738519194031916e-01
-1.296791223340615917e-01
-1.704735213602091293e-01
-1.859404542331291044e-01
-6.637178277033642382e-02
-1.094054148187014880e-01
-2.066966869114989780e-01
-1.139086381837371431e-01
-3.250313474232259248e-01
-1.197394617877081680e-01
-8.021023234568286364e-02
-1.608438608484215326e-01
-1.854944657879255554e-01
-1.903460752626778829e-01
-2.893720477138130714e-02
-7.392594686743597654e-02
-1.129680028706309403e-01
-1.683809432109673321e-01
-4.445690622508648854e-02
-1.455156316949273998e-01
-1.609048616577327118e-01
-7.623022012176408624e-02
-3.356993075725559633e-02
-2.351912664856817270e-01
-1.037120742951953695e-01
-2.199331593601463741e-01
-6.133019623017658267e-02
-5.019692091396482647e-02
-2.381711293510782868e-01
-1.147783987046857301e-01
-5.101956910088576574e-02
-2.220219691724102384e-01
-1.448076641262383002e-01
-1.850391669383393001e-01
-1.927183070746000537e-01
-7.346404887738186562e-02
-9.337712235178603770e-02
-6.571847430312087457e-02
-1.362470585178135740e-01
-1.571425020498868064e-01
-1.921126130984760969e-02
-8.580879640999755642e-02
-1.163682876443793840e-01
-9.236626389466029430e-02
-1.549145831452341804e-01
-9.338194261250183648e-02
-1.868950072327348055e-01
-8.600656313404397846e-02
-1.838514698416058024e-01
-2.520179078716606180e-01
-2.223967205233329525e-01
-9.584232011249821381e-02
-2.769467040745439701e-01
-1.757735080909233749e-01
-1.379907059040201833e-01
-6.228469285498593189e-02
-7.295102931978059146e-02
-7.188445359790533729e-02
-3.256247760586330475e-01
-5.076222447737376714e-02
-1.925059178294772633e-01
-9.571285731687508014e-02
-1.694332375535470003e-01
-2.477265815898083666e-03
-1.493800423135110689e-01
-1.613977285641868542e-01
-1.201773504747895849e-01
-1.931634958801720370e-01
-2.203874539926271026e-01
-1.783432036419684563e-01
1.010645013915634910e-02
-4.454174418340663133e-02
-1.851624972527450563e-01
-2.438048375487747998e-01
-2.512959323426782188e-01
-1.351194350609770112e-01
-2.130377259852326843e-01
-7.805877829236405885e-02
-2.569827504068506602e-02
-4.624710964267578737e-03
-1.097064278395184084e-01
-1.856281159081953347e-01
-1.521522769734538205e-01
-8.633292672713792359e-02
-2.602034234045585426e-01
-1.287478979773191423e-01
-1.948878360502704910e-01
-6.699843158286415690e-02
1.572278575990809779e-02
-3.573283894022950130e-02
-1.681318225914746334e-01
-2.235584577320554878e-01
-1.720331534410733665e-01
-2.399044380639211715e-01
-1.933472616434383229e-01
-1.702313127080434529e-01
-2.259156397648472980e-01
-1.907041355435488972e-01
-3.470398509131172315e-01
-2.270161890701158647e-01
-2.087893185954196318e-01
-1.440031370207611183e-01
-1.491802209715068772e-01
-1.170452948189202869e-01
-1.191598569794852236e-01
-7.726655965609836862e-02
-1.571668062319418191e-01
-1.805562363566366180e-01
-1.227559564095196121e-01
-1.994527984987702063e-01
-5.552062521251278221e-02
-1.927539218526702625e-01
-2.613624248954026785e-01
-1.110122255907133593e-01
-8.941088185379594822e-02
-7.403356628446687571e-02
-1.749212053376585918e-01
-2.115599308032494463e-01
-7.117259228236300084e-02
4.411999623922871483e-04
-3.272682992266729429e-01
-6.530205583096507227e-02
-1.279246494955735280e-01
-1.555065559011681586e-01
-3.311559035544223151e-01
-2.673733820728064203e-01
-2.025618709521617156e-01
-1.009774653462239269e-01
-5.382042049684597484e-02
-8.571473734999714156e-02
