-8.903632215135152128e-01 -7.350677310555799870e-01 -5.415952411019435697e-01 1.048619922331834431e+00 -9.131637289358081055e-01 -4.486226403539744778e-01 7.949874459693597739e-01 -3.395624871010574641e-01 1.767538184859812067e-01 -1.457701205671001199e-01
7.169553093769625018e-01 -2.460077592375903954e+00 -7.373754932170064613e-01 6.419223329433110248e-01 9.110718542373231754e-01 1.993411292937770085e+00 1.741904506596572810e+00 1.035523719109568086e+00 -7.082067454596724376e-01 -4.663173626648096093e-01
-1.063666189553857500e+00 -1.704592189402166225e-01 -2.834190933334606033e-01 1.254567953594091234e-01 1.572663955032538974e+00 -6.582309466653306629e-01 1.496132158782543353e+00 -3.044966797251785207e-01 1.033011672454457353e+00 -3.759508219245334681e-02
-2.288285026881372863e-01 5.919043874594934751e-01 -3.330746489028046931e-01 -5.271349922014704203e-01 3.236375376566722473e-01 -7.039045638471927990e-01 -5.115466787717997121e-01 -1.122035203588905405e+00 -1.378562767551325674e+00 -2.340044048622003103e-02
1.066809054453563554e+00 -3.411118135170009502e+00 1.270342536208485029e+00 1.381863759857727691e-01 1.008038141080518146e+00 -6.272334524271465650e-01 1.350939226834040996e+00 1.666159327156133407e-01 3.270926377691442399e-02 -8.923985671734740999e-01
-2.727755631446677209e-01 -1.116487150302517106e+00 -1.073980261721081186e+00 8.850983788686963560e-01 8.358659019407559398e-01 1.033783476377196253e+00 -5.116838737655811098e-01 1.279432479016562985e+00 -9.409343010844454236e-01 6.933860919371326315e-02
-1.261576576459438215e+00 -1.019773093362058791e+00 5.151708745290907165e-01 -9.089688031569767013e-01 4.188121632876057876e-01 6.123012366895269620e-01 -5.658240202314314127e-01 1.948703400902958904e+00 -1.014633462432916078e+00 3.855531288611375174e-01
9.823241584911813762e-01 -1.677418737762414347e+00 -1.519455906608025986e-01 -1.349026405227935044e+00 6.600325631344597932e-01 8.964077791261840789e-01 1.718029849147197474e+00 -1.229261091521161586e-01 -4.532528649594391168e-01 -2.506328259036282313e-01
-8.934151042446879243e-02 -2.827430305188094017e+00 -1.196893664586323069e+00 -7.761817970992305193e-01 1.720488766120301882e+00 -5.815187035927598114e-01 -1.703056783859413725e+00 3.585127120233010944e-01 -1.360139687442931233e+00 1.586855469675064523e+00
-8.806247466188289463e-01 6.203345231415015489e-03 -3.571815691948801996e-01 6.541468009916127091e-01 1.751873541409943114e+00 1.023249071954704936e+00 2.055348305179672153e+00 2.488418890789355853e+00 8.559061964757542773e-01 9.155903962541372954e-01
-1.309138296070579077e+00 -1.025440452275338671e-01 3.469527870331656771e-01 5.319244353762865307e-01 -7.070817413312968647e-01 -1.381254228223761649e-01 -1.435472892294299974e-01 3.995320500083672788e-01 -8.519321101001105234e-02 -5.840236433152807827e-01
7.292226692746641703e-01 -8.153637854955294584e-01 1.093564173313763321e+00 1.732368321675510359e+00 1.353170860878393000e+00 1.219633754440687445e+00 -2.132135675099965932e-01 -1.630402802914576954e+00 1.355054784339062568e+00 2.152925767587127392e+00
8.156350460308434691e-01 4.170269246157858739e-02 1.247939153901115761e+00 -3.234780337187062038e-01 1.737705812043192966e+00 -3.575268829447806884e-01 5.446426424365027330e-01 8.847381307820506580e-02 2.404928019204068956e-01 -4.153453237759864303e-01
4.357276448931842738e-01 -2.195224529352374776e-01 7.090170147270064005e-01 -6.751000502519128865e-01 4.623490312497544052e-02 4.290451291078546947e-01 4.752933699424605890e-02 -1.064048304127834355e+00 3.667465775815405560e-01 -2.242438420364305796e-01
2.883181904331050260e-01 -7.029240875456091997e-01 1.634775167048369282e-01 7.196856318577731226e-01 -1.643992425706671534e-01 7.346683256506177928e-01 3.922222878994924833e-01 -1.073549189863751918e+00 -7.537758553138077522e-01 -1.179552235270064697e+00
1.539316628418220478e+00 -1.040187372672169319e+00 1.680023062965596781e+00 -1.444892089386655247e-02 -1.224341626077955159e+00 -9.443976820653923188e-01 -7.834484234822776116e-01 4.407782333952002252e-01 1.489950761239867694e-01 -9.299778960988167587e-01
1.890533547159695349e+00 1.001012243119009826e+00 -3.656022484621143098e-01 -1.620195234915804972e-01 -1.958464754435253363e+00 -3.192839020625120594e-01 3.939235834014349069e-01 -9.321891379821490853e-01 -1.665561640734460058e-01 -2.615030976041427535e-01
-5.662069840850030705e-02 -2.624430820938714159e+00 -4.276551375229452057e-01 1.594144975917848761e+00 1.160375232321825545e-01 1.058396847672607555e+00 2.389486304906777991e-01 4.470513271235312391e-01 8.145418066767891041e-01 7.472717401677868576e-01
-1.626073690101768193e-02 -6.445778704837118456e-01 8.107295005141016420e-01 -7.010620829432896439e-01 6.034286311351391152e-01 -1.573734301078877795e+00 1.221882729266934087e+00 9.346445092235032559e-02 3.338449936056533951e-01 4.147414756519241519e-01
-7.873176560221158971e-01 2.575967577633032635e-01 -5.836219309491348477e-03 1.537576672351690862e-02 -4.782596563444171389e-01 9.696107270749816376e-01 2.692890249365211333e-02 1.107005201705962838e+00 1.762190242524468986e-01 -3.067902807764744111e-01
-1.204153383049844095e+00 9.037313205394389426e-01 5.612321409696640062e-01 -6.480156907239675856e-01 5.283702843857706055e-01 4.054261272614347877e-01 -2.012815622765529999e-01 1.637920104265115029e+00 -9.080366444207284005e-01 4.960840740618484013e-01
-3.117590147511834497e-01 3.395956627162385333e-01 -3.500489816518344011e-01 4.658040728252345331e-02 5.593538124918372434e-01 -1.275654143930058382e-01 -7.157280330718267525e-01 -8.909077601782181555e-01 2.007965938659613814e-01 -1.223635101004346470e+00
1.239134342153278778e+00 -1.986194203581115536e+00 4.662426858321200296e-01 -5.594071178488999596e-01 1.404976572966568360e-01 -1.288544932457311054e+00 -3.220618025896984649e-01 -1.648143050464977666e+00 -1.330977629471580825e-01 -4.555490350490536411e-01
9.121509144652837353e-01 -4.780081709494735098e-01 8.107380965515302851e-01 1.526289346104548805e+00 4.362272631731978212e-01 -5.657246062867818948e-01 3.373295977191201889e-01 5.895359652272723627e-01 3.243324067037740011e-01 -3.798732148545969634e-01
4.556256090866590558e-01 1.525306261608515346e+00 8.363968388415515820e-01 1.183901058381408467e+00 -1.725643320936221192e+00 -4.500659196453401512e-01 -1.568935589766576433e+00 1.435454009489690375e+00 -7.312536640905290541e-01 -5.236652575065373627e-01
1.026918286604082242e+00 -6.254735966515763135e-01 -1.672482534769363371e-01 1.616212930621406529e-01 1.192369178257546958e+00 -3.478146439475426899e-01 1.129880651517088802e-01 1.555173942118978303e+00 -3.838362645923065752e-01 -3.943076207668190503e-02
4.868629749366313320e-01 -7.639814506655323578e-01 1.326789509318789362e+00 3.123607549308662357e-01 5.359198525251449574e-01 7.862941552395565914e-01 6.879076650336600762e-01 5.314728977219963513e-01 -7.187686444838010946e-02 -3.193463531157366142e-01
7.683020732025049870e-01 4.538103725114991938e-01 1.315193052804499718e-01 4.100315192623210647e-01 4.889197070567724013e-01 -4.607529587827711715e-01 -1.125497079509885090e+00 6.181987259819398117e-01 -1.112922652782224464e-01 9.084418694412508266e-01
6.815400887486269266e-01 -9.558099704948339603e-01 1.714261414976669951e+00 9.760765895983919416e-01 -1.579817123367580067e-01 2.916474958547563556e-01 -1.015104931795314663e-01 -1.680951071926023666e+00 5.162530758640071493e-01 -1.047750838484108993e+00
2.272207967196542278e+00 -1.419157152744371819e+00 3.979528688043638129e-01 -5.911797968554651644e-02 4.125065263470286125e-01 4.941077024097301762e-01 3.113652804611156677e-01 9.086291944747545424e-01 -7.605673986844248002e-01 -1.048430459937126802e+00
8.412343680903847098e-02 8.064701602378960832e-01 1.380117034780585561e+00 1.238220132456652856e+00 -5.220275312264541778e-01 -2.630520611855732827e-01 1.166298254629872799e+00 -1.427969046912411111e+00 1.104101344450437033e-01 -1.011341635347924317e+00
2.573381348539246494e-01 -4.700193056857625562e-01 1.725435171754145514e-01 1.385945200220336959e+00 -6.150755486295219621e-01 6.391735881681998022e-01 1.491745422683688274e-02 -1.320048857093527372e+00 1.935347131710170865e-01 -3.246523713791446553e-01
1.127336384893536270e+00 1.111404913621667934e+00 -1.465891266823895922e+00 -7.907344857855778952e-02 1.492867773223891970e+00 6.178077216801711735e-01 -1.102650117329068369e+00 8.491389285961921385e-02 4.194452137354172383e-02 -5.306814461323047100e-02
1.679991879378773589e+00 -3.285986542849514414e-01 1.314049857769049146e+00 9.001014788811488865e-01 -1.101542943853504042e+00 -1.085490751892582706e-01 1.645534456976995574e-01 6.722062877432942452e-02 6.629089010630042633e-01 1.377395918710435430e+00
-4.261596598353706855e-01 9.639992513046060640e-01 6.559080592209050042e-01 -8.850278333768111239e-01 -6.630052360992963467e-02 -1.879850110207821057e-01 2.331818168763641619e-01 -1.651808097906599659e+00 -3.395002083463054543e-01 -1.422405658660728323e+00
-3.258469420970219743e-01 1.285291371073860711e+00 -1.352023058934720412e+00 -1.018673944942803500e+00 2.034827627835403274e-02 7.698543879498351838e-01 3.866736066196491683e-01 1.191500225875007368e+00 6.520916409601321684e-01 -6.850236627767732900e-01
8.240011191932263696e-03 1.644268188131360109e+00 -1.472995763593571539e+00 -1.135639364747444535e+00 -4.723343575992989818e-01 -4.144537230475278666e-02 1.397010460877093352e-01 -8.196281539003978933e-01 2.459244578814924198e-01 1.254246756871517210e+00
2.335864772087165864e-01 -2.424498892459842292e+00 -6.149706456981948177e-01 9.798916135032770258e-02 1.366910347794128233e+00 3.044964602646908491e-01 1.267479594354743000e+00 1.600897099641311605e-01 -4.917084438007619518e-01 -2.104303672659366409e-01
-2.290853836563901472e-02 2.971972152291406100e-01 7.383434800039802015e-01 -5.024078725769722809e-01 -1.157159336091491797e+00 1.060706853451138132e+00 9.281361540956026834e-01 1.142646807073378623e+00 4.475747275322854990e-01 1.245806247944757805e+00
-1.147932151794367917e+00 9.630739131470004155e-01 6.751757610511197605e-01 2.381233141834948164e+00 -3.325185084514349909e-01 -1.400806792334443829e+00 -5.469124195481535056e-01 1.463299032412762379e+00 -3.299304636704580851e-01 9.729277991261996161e-02
-2.050917592679765700e-01 -1.283565766376580097e-01 1.652591421186855758e+00 7.502592304690518521e-01 8.079180601394594929e-02 6.795870449873474550e-01 -4.226787392646191299e-01 -6.414748042543748641e-01 -3.638894916607275376e-01 -1.876429610328177455e-01
-1.165863673031291903e+00 4.144638223375591290e-01 -8.707126876249030589e-01 1.130748018882383604e-01 7.338299379621998630e-01 -3.505774545877518578e-01 -6.862913578867854136e-01 3.267585494475050978e-01 -1.909894930812136016e+00 8.931621492681597330e-01
-1.693040812156652697e+00 -1.143813467087191782e+00 8.977233380410930275e-02 1.166238340772301818e+00 -6.600144406610113368e-01 -6.399634978602198876e-01 1.323418805243779861e+00 -1.835894789648164771e+00 8.528246431691199891e-01 3.078607831215442459e-01
-1.055668645168392206e-01 -1.576710347987483996e+00 4.873332409528592923e-01 1.065152459622375369e+00 -3.202721383114954246e-01 1.577895639118091609e+00 6.449775260821173362e-01 -2.078540736978519710e-01 6.986687071933573856e-01 -3.866295068954129222e-01
5.221770471312481982e-02 -5.321245417588243987e-01 3.569233639395429369e-01 1.038463375216098550e+00 -4.464835720444487177e-01 -2.073215934211525002e-01 -1.447988858976464677e+00 -1.043864904599409060e+00 1.057056298319803522e+00 -6.947085319145013260e-01
3.845298648058271263e-01 -1.692116900413380920e+00 2.113868877296969095e-01 8.966051291139314205e-01 3.043722508882669153e-01 1.404230692800594094e+00 -2.174823553449683367e+00 -1.088480866928025481e-01 -1.280161635037776469e+00 4.094757314345664478e-01
-6.832114731686433906e-02 -1.465682917095582960e+00 9.719208808144724765e-01 1.181334262625463927e+00 -9.749178877411114608e-02 1.273722354122039713e+00 2.298149325141676691e+00 8.987127137944278532e-01 9.005943132778118088e-01 -1.605421575044992805e-02
2.752520146692872260e-01 1.971821141929673837e+00 1.660230337793054067e+00 7.527007732561211695e-01 9.883920420886739278e-01 4.614489897687512054e-01 4.061583246551301873e-01 -1.890356058248993998e+00 1.656105412346931427e+00 1.335656827511173983e+00
7.974486069681728795e-01 -1.471879066538858416e-01 -5.191225172906784729e-02 9.929634418877724134e-01 1.014362142810372180e+00 2.016022030757136374e+00 -1.045728909385710281e+00 6.840534391597424824e-01 9.772179300352018538e-01 3.329146368578303483e-01
1.938271330340652909e+00 -4.829959262271729115e-01 -1.293067089112793777e+00 7.595765561856133719e-01 -8.971791259525223605e-01 1.560401174102334920e+00 2.198538435264233704e-01 -8.628607285162028795e-01 -2.292573750220478768e-01 7.943990090365838919e-01
3.943048910905296300e-01 7.613790157839084305e-01 4.074207687876775785e-01 1.176694780962770137e+00 1.057904587991840728e+00 4.844781427607420254e-01 -1.233497395702695121e+00 -1.229474376372747368e+00 6.586971062928788090e-01 2.063326407077681057e-01
1.761756890947181686e+00 6.608291304202387195e-01 2.754087620117693924e-01 -1.608028997584485698e+00 6.859017563510128035e-01 2.423525640360075228e-01 -9.810864525096905930e-02 -9.457550992402245782e-02 -2.476238771200888866e+00 -1.302509837729186326e-02
9.466884784038667178e-01 -6.444501972162971493e-01 -2.055695757172983473e+00 8.811306319317127045e-01 -1.926982806358597811e-01 -7.336863266390697413e-02 8.545393761306244729e-01 -8.065332271519732865e-01 -7.476554299686934968e-01 -1.289295650108522873e+00
3.169507834744975106e-01 3.857521133078831710e-01 -3.904178176237831921e-01 1.308482599103558019e+00 -9.160628044773423406e-01 1.411517291425792298e+00 -8.318342864829476602e-01 6.304542927155101228e-01 -7.388771983288092704e-01 1.228824043283404804e-01
9.314418585849416621e-01 3.719867822382170175e-01 1.535765418252780901e+00 3.571948650249034407e-01 -1.907854805684076949e+00 2.131140428860115177e-01 3.279104483240989354e-01 -3.552349828725713254e-01 1.139884392982458028e+00 -3.777122952636958325e-02
5.523106563615245435e-01 -4.120409254208567407e-01 -8.901569571807901315e-01 8.487992872368915753e-02 8.249691338713101008e-01 9.100921121046062767e-02 6.952421166976473499e-01 -1.180455743638679084e-01 -2.809625739815847512e-01 1.343842115418919292e+00
-1.177156201110857031e-01 2.935203658075485333e-01 1.037589347159381559e+00 -5.361920781061419589e-02 -2.079548519947494456e-01 -5.757951021431682026e-01 9.957427318480990275e-01 8.219726813844305813e-01 -1.370342430322066374e+00 -7.853119530715189089e-01
1.409884707995764819e+00 -1.245074051764361034e+00 -9.796081418870382640e-01 -1.543749187987247140e+00 7.713771393188152414e-01 -4.790710188336904096e-01 -5.788071151770469991e-02 -3.920190753045975085e-01 -9.238444948325708062e-02 2.470612068301577535e-01
3.773265733624010521e-01 -9.628089364685357143e-01 3.975248506486105948e-01 -1.286148640483162631e-01 3.761764258021830232e-01 -8.990873947313511305e-01 -1.119523614387596622e+00 -1.055620195559488605e+00 4.583208555993325550e-01 2.981409937594808879e-01
7.152447191154782946e-02 -2.736979338325828071e+00 3.077822441564409539e-02 -5.167967741415279564e-02 -1.849660075746991095e-01 -1.327594557575414669e+00 -8.414016063267986123e-01 2.450519534903014274e-01 -1.026081178822673357e+00 -4.918945825349690937e-02
1.229014556572846750e+00 -1.339520668082432753e+00 -4.390984731384360296e-01 -1.074033949284737277e+00 4.838794180227073416e-01 -4.083139680971417662e-01 7.739663505613626482e-01 9.394272043413234852e-02 4.032693607975657013e-01 6.571816022913805622e-01
-1.128228679967502535e+00 -2.544377562671142345e-01 1.015668172300626226e+00 -4.335382391031677995e-01 9.377811797257995519e-02 -1.566537304856989721e+00 5.013105761669337523e-01 1.798747905431839156e+00 -4.750961458740235455e-01 3.085082397695949608e-01
1.704317183674522340e+00 -1.570718096120051088e+00 7.419105776666943264e-01 -6.092828482408064739e-01 2.820666406970376294e-01 -2.102385473190617748e-01 -1.421703753573643203e+00 3.667132028979994129e-01 1.105670163677138218e+00 -3.744855842379227195e-01
3.024070224846197585e-01 8.140919820706559173e-01 1.552274709313588685e+00 -4.555155556777754772e-02 -5.272851942251327584e-02 -1.253401971473533827e+00 -5.228175626642082158e-02 1.377128133704506874e-01 -9.405924237102887275e-01 -2.071738830511178797e+00
-9.368168355755784882e-01 1.702071505958322184e-01 -6.941834550278250804e-01 2.234533059109423681e-01 8.552285654033641160e-01 -4.054651608019972930e-01 -1.243439505204845474e+00 -3.853081223447563097e-02 -5.459904286511081395e-01 1.997832401579419104e-01
1.158207583867825186e+00 -1.107840949266498676e+00 9.867582395113508320e-02 -7.923314537887321540e-01 1.809283967084431566e-01 3.370573811386377017e-01 -3.685797675206646251e-01 -2.361309205595491789e-01 -4.675508891463553418e-01 2.838107922092391044e-01
7.066727346509622532e-01 -4.571044054600668094e-01 3.581097755456113529e-01 -5.136157138415921031e-01 -1.518607611852327954e+00 1.462899420331158939e+00 -6.294458793846210432e-01 2.507971508021567542e-01 4.589105886474585394e-01 1.396559283396984694e-02
6.771180113718102689e-01 -3.848700584784612300e-01 -2.094790896610342623e-01 -5.692829500175542456e-01 2.792813154895288918e-01 -7.836376406391859506e-02 1.278781448007320076e+00 1.608094291593912484e+00 -1.021013198120936272e+00 7.754141347965142206e-01
-6.378076523661495578e-01 4.421914461791420087e-03 3.562800338581303961e-01 1.403226442724641032e+00 -1.026101925835703144e+00 1.297225055919243308e+00 1.139062906856178753e-02 1.973113301382876592e-02 4.110502433821086599e-01 1.384166130332585010e-01
-4.181001483377042027e-01 -1.424137905663615200e+00 3.537773112635098638e-01 1.179773850936778778e+00 1.081740867149369789e+00 3.204339652345279399e-01 1.251393689767901662e+00 8.030879237428059092e-01 -3.403924269157624586e-03 4.349777312254172190e-01
-8.889194004688888429e-01 -2.635140034742158743e+00 7.660159678607131317e-01 -3.686816311440738181e-01 4.762845491581222390e-01 2.965990345418700325e-01 -4.115605118312543054e-01 1.126762929835498639e+00 -1.140037728399601713e+00 -1.249445870171218775e+00
2.228835298794248132e+00 -3.184817710225159582e-01 -1.382346430941727433e-01 2.315392006006146697e-01 8.278345459350174851e-01 1.969808675942082699e-01 -2.388048368363695939e+00 9.517859989432822521e-02 -1.863626119808370785e+00 -1.524548169296331412e-01
3.922298573207317479e-02 -5.639711573820184176e-01 -1.145675129669112113e+00 6.521796237986113853e-01 4.669242489904000259e-01 1.596054537455269484e+00 -5.158922106466174995e-01 2.933740086442667705e-01 1.907931617946273658e-03 1.132295083877052022e+00
1.668705142443069223e+00 -9.684319521601967296e-01 1.458830514379476195e+00 1.251263304906818474e+00 -2.057206815308674663e+00 9.692125994323514959e-01 -4.821619934873277447e-01 -2.850890859785956133e-01 -1.396794505657203422e-01 -9.119767598873568248e-01
-1.579241262721583716e+00 -4.877396417948642870e-01 -5.546652323555651964e-01 1.787959374502642973e+00 -1.497612428146500863e+00 8.321082087849398512e-01 -3.912367873819015407e-01 -1.682007843225214350e+00 5.653554804735604344e-01 9.188882585125837110e-01
-1.351513836738942542e+00 -2.081879467919323989e+00 -4.786583287890824323e-01 -1.628186900190999431e+00 -2.192923737880492496e-01 -1.163002305672308667e+00 -1.612068977089082589e+00 2.261417205915639828e-01 -1.191235719862535181e+00 -9.891293835598002904e-01
-7.988256949954782860e-01 -1.598457636752157685e+00 1.411644610125593946e+00 2.807571741633425044e-01 8.766606591025538631e-01 -6.014488710016997475e-01 6.706815894771603337e-02 4.786766039566302533e-01 -4.096801827806678675e-01 5.532271566369387772e-01
-3.159385221137427924e-01 -3.167512518501953978e-02 1.191655100962284441e+00 -5.957606335508538464e-01 5.219090837134141569e-01 -2.456112423507094689e-01 2.143383517110143632e+00 5.179848508126760898e-01 -4.374958369278406090e-01 1.350244272613183028e-01
6.058415265072575329e-01 6.870136198567274866e-01 -6.920700741883587526e-01 -8.181249119298100725e-01 1.162774998271434601e+00 -5.331865590473332528e-01 5.030137422905752720e-01 5.389642255067615961e-01 -4.946823420093885565e-02 2.095040115338661746e+00
-8.412579926948986486e-01 1.345809778105368781e-01 7.046414395965638899e-01 -4.360791450106227818e-01 6.893337039838349778e-01 7.098297009187038986e-01 -2.378971813608818930e+00 -1.976849021091505731e+00 -1.183733956715278479e+00 -6.329760272931810317e-01
-1.690782968058937463e+00 1.518269978765329320e+00 1.405187316254053798e+00 -3.206559082281901230e-01 -1.577648239271325137e+00 1.040450323208984978e-01 6.698839700911830564e-01 -2.042998437036754045e-02 5.781966250888664893e-01 5.215653709024496015e-02
2.569055060051574357e-01 -2.343655800808138956e+00 5.790629438239627280e-01 -1.249192103573727591e-01 -3.565621280683732488e-03 -1.469886993583108481e+00 -6.741267270351958274e-01 6.711189295289355927e-01 -8.078453014266431254e-01 -5.594060679649371925e-01
-5.539138218613108844e-01 -2.620353369124163098e-02 -6.447088163841911967e-01 -4.539547653877188393e-01 -1.580970486932719576e-01 1.170725094616680728e+00 -8.906297011655623930e-01 1.436203506350601344e+00 1.056498760807477399e+00 3.705927769012912765e-01
-3.999765218545200396e-01 2.504785385449741497e+00 -4.754093088577085457e-01 3.597754173334976047e-01 -1.108206167396185160e+00 1.473399169932106470e-02 -1.288907961100026034e+00 -7.404158459832567429e-02 7.183415657501789342e-01 -4.803174510595834001e-01
-7.090321296507220428e-01 -1.894255910653921959e-01 3.095213593006884700e-01 3.173292106041449290e-01 8.312605517382475329e-01 4.169633803880568590e-01 -1.105479755168210287e+00 1.616861937265494098e-01 -4.851401535473032767e-01 2.823476761934219925e-01
2.814438340781291181e-01 -1.008137759619781360e+00 3.804057020922382293e-01 -1.541246902883904646e+00 3.150091700632261515e-01 4.276161028053208635e-01 6.413034055915418641e-01 -2.705689984173447638e+00 1.495801605302718162e-01 -4.322257093679191531e-01
1.130046606189121672e+00 -1.377925941373624008e+00 1.846883931533007006e+00 -5.291966211639851370e-01 -9.422464043493765651e-01 1.018623149620856871e+00 1.672158285870383843e+00 7.647481862894449367e-02 -5.130884257010667193e-01 -1.442453971414843661e+00
-1.762792517436641893e+00 -9.589877687596494171e-01 4.401136985809952495e-01 3.807037774865332236e-01 -8.842943338221785909e-01 2.229725435421230806e+00 -1.271621476545770957e+00 2.907168420711948170e-02 1.461258916374180011e-02 5.980871085749709382e-01
2.868550942385771352e-01 2.697741899632560836e-01 1.093761553441490841e+00 1.587831721949075181e+00 1.005017348902725038e-01 1.184810378293938982e+00 -2.590071644479046142e-01 8.997770363044561570e-01 1.873947237864970861e+00 8.330206654661264087e-01
-2.131286115595023123e+00 2.024350991013591283e+00 1.083303445998150316e+00 5.291493135004883275e-01 3.050491344345612199e-01 9.144577067219574751e-01 -3.467716293653619331e-01 -5.722392041213357761e-01 5.686479339264624566e-02 1.006296874377412998e+00
2.072215707672580565e-01 -4.904454053142242032e-01 1.375683848721251656e-01 1.218720310857192679e+00 7.743927737159614910e-01 -1.426169195652583488e+00 -8.723455736214337231e-01 5.043220104525991676e-01 -2.270888276145658136e+00 -2.767644359819771971e-01
-2.198266301901205533e-01 -3.474329385663096348e-01 2.839107012260774776e-01 -4.718479075925747779e-01 -9.540571536878906800e-01 -1.423598437314512077e+00 -5.300010287496738082e-01 6.670694187160329802e-01 6.300041863390299923e-01 7.194473834567437498e-01
-8.876083265875276407e-01 -1.548951380355955143e-01 -2.567623584418620708e-01 9.006781361974013078e-02 -1.403768820355220104e+00 -3.616973388868637285e-01 6.711434790642815118e-01 5.262865648111405559e-01 -9.903229326723168580e-01 4.799507903816973425e-02
-1.416117791954733196e+00 -8.824519450547358979e-01 -2.198920755308779451e-01 -2.692840439460638113e-01 1.052440883907553415e+00 -6.258675345836636761e-02 2.036048224582285016e-01 9.506939191848098325e-01 3.394169491639114078e-01 -1.337683596741571002e+00
-6.154097855294868857e-01 -8.123401784769671008e-02 -1.206860177718990651e-01 -1.643477302378000895e-02 -3.917703883105432272e-01 6.366497946534589447e-01 -5.386603606497843977e-01 8.794733452211040969e-01 6.381256819851447437e-01 -5.139013745527164501e-01
-1.380898075663892222e+00 9.068238639716943439e-01 1.440946101636552346e+00 -8.179730156566565880e-01 -1.364412158083936566e+00 4.896374894225043461e-01 9.726549781718750731e-01 -1.102839173810552076e+00 1.010278889898956534e+00 -4.523609440465868325e-01
-8.000678531258971216e-01 -8.294098337167826740e-01 1.021517444807876762e-01 1.215668287107011691e+00 6.721796677762152949e-01 3.647128666129421659e-01 -1.646124851898460653e-02 -1.458950601283776072e-01 1.161426086231881039e+00 2.425110808253413130e-01
-1.649944298199348680e-01 1.034754314163465860e+00 -4.400848600720804193e-01 -6.590823076599061636e-01 -1.839637083446012678e-01 7.823481865186158180e-01 -4.051203431147211154e-01 1.543629256928461979e+00 -3.248666148132277609e-01 1.225465131962258480e+00
1.218119007599688386e+00 3.631087331207320523e-01 3.219446116866304108e-01 -5.777665794167919922e-01 1.248727322353240021e+00 5.197467029043294495e-01 -5.306787923518615502e-01 9.170942188945170326e-01 4.066968797046678907e-01 1.143514704547469174e+00
-1.061495095298676389e-01 -1.366919032930992151e+00 -7.057944790939916224e-01 -2.180162090879747883e+00 -1.732639932484213718e-01 -3.303168039480378626e-01 -3.452758826886544452e-01 4.833800663035754952e-01 -3.597875912179525626e-01 1.404304424089641623e+00
-7.755058947943606340e-02 -2.935800311568137921e+00 6.314561927340266168e-02 -9.923754932141355400e-01 1.715837335469326819e-01 6.749288145271920003e-01 -9.727943358826721121e-02 1.582361403637842834e+00 8.019373473645450279e-01 8.199657225399525906e-01
-1.025482133567974241e+00 -8.390794173772350151e-01 5.460548049741206222e-01 5.515067985012118701e-01 -1.030555242248778924e+00 7.355399341705234351e-01 7.210132089838164893e-01 -9.092106092387295391e-01 3.780437105848948320e-01 -9.091189814964284466e-01
3.061935024315620146e-01 1.546615902506673246e+00 2.165997192518143155e+00 8.013414293564123936e-01 9.187150818604096492e-02 -4.352427248073813537e-01 1.514891388433076483e-02 1.888758922225359127e+00 -4.144505885532315803e-01 2.401721629040188821e-01
-1.108621184128698145e+00 -6.060681718213456470e-01 8.153732930520211086e-01 5.825146961977878401e-01 1.359075068635932970e+00 -1.018655662240828486e+00 -1.534588322441143501e-02 1.990226680700069251e+00 5.438434055616837848e-02 -2.177335109169579730e-01
5.746334459597782773e-01 -1.346693513894673178e+00 2.870990221973465650e-01 1.244983856302518399e+00 -1.131563063642359701e+00 4.960315670397519999e-02 -1.754125752878607392e+00 1.108183986719005309e+00 5.065895205380587241e-01 -6.271080522719786332e-01
3.920015772452709046e-01 -1.353963931271100041e+00 9.528300909521660866e-01 7.094647940825177246e-01 -2.407433196138852427e+00 4.265751962077802273e-01 -9.556800744407397685e-01 1.067080653775007160e-01 6.970435631129302534e-01 1.972399515142041551e-02
-1.052773022957414373e+00 9.180061206949104990e-01 -1.608463104573793157e+00 2.774171117661667907e-01 -2.862796595792820864e-01 -1.081652654899471822e+00 -1.387743091586961075e+00 -2.314455863822752757e-01 -8.726393578975384646e-02 3.388646423007033448e-01
1.236579188609322477e-01 3.102161870484738682e-01 3.669327134886836150e-01 5.359771517872721214e-01 -2.174982455602169351e-01 5.481083844063958654e-01 -6.989266932719230274e-01 1.668741735183947861e-01 -4.142838130460446133e-01 -1.021834089283534475e+00
6.013528211773883081e-01 -1.793126277859887985e+00 5.724708614465185974e-01 -2.179015398318942531e-01 -5.056904854491565127e-01 4.344198098446073741e-01 1.939077019009314951e+00 -1.036470241837430972e+00 7.156260773286869936e-01 -3.915611714106853603e-01
-1.083750507902435434e+00 6.651151389578565665e-01 -6.970701616810317525e-01 9.053753888140880779e-01 1.027076282480154701e+00 -1.730931901793091865e-01 -1.326133902918578356e+00 -6.952413413932022074e-04 4.627538984690392487e-01 1.732154339131555920e+00
9.506382833404668498e-01 -1.807565160800384207e+00 -6.105938580100230828e-01 4.191188041581473400e-01 -1.283412467525705480e+00 5.423965736141949101e-01 -3.625487053326920117e-02 5.647451770026842288e-01 1.037021540632683703e+00 -2.116216511304795933e-01
-6.507036033590058999e-01 1.084728055398305191e+00 -1.142564086551799862e+00 -4.239066614095058361e-01 -7.485960011270327286e-01 -7.555829378553370335e-01 -7.729579729788081943e-01 -9.634467258524777034e-01 1.997666884745084248e+00 -6.234675243607155914e-02
4.019207689563238928e-01 -2.147868431700271419e+00 1.129080189548300250e+00 -1.067729881459132280e+00 2.340064436003753412e-01 -9.784015837100370483e-01 7.958309927073836665e-01 1.432657702611747075e+00 -8.375737613964062689e-01 1.022303649291963268e+00
-4.993025487034086773e-01 8.740702554604595775e-01 4.011143977132813343e-01 2.557705069304745948e-01 1.746550415823458491e-01 -1.028882580341313302e+00 -1.231017541109607066e-01 2.090097646276065368e-01 1.140920419556126664e+00 9.764534794297516362e-02
-1.136767449077269232e+00 -1.857617097743193169e+00 -1.187440576340472953e+00 9.212025066587049560e-01 -1.825950608234901684e-01 -2.556106647073597138e-01 -8.285728371820288984e-01 -3.641836358955454767e-01 1.095194850262504627e+00 3.979740759653287996e-01
-1.438023873077006964e+00 8.150548192836006844e-01 -9.780340272685053016e-01 -3.404938529841569084e-01 3.476394196843590190e-01 -8.117437255557324871e-01 -1.122166528452017698e+00 5.566669517234134057e-01 -1.241092713931464253e+00 7.672741987482760706e-01
5.412846184002158001e-01 -1.428079504888146944e+00 1.720159545431109827e+00 2.304553525085745458e-01 6.248469485379786192e-01 -7.063984283242993878e-02 -1.394038091390457923e-01 -4.706592390418307126e-01 -1.848993249384902338e-01 -1.544420297793234420e+00
-1.155593224405110808e+00 -1.992589991661038562e+00 9.265837867614502565e-01 -5.313627151048853914e-02 8.352048496985745585e-01 2.271730441457414873e+00 3.547561040119694836e-02 -3.524609765741033018e-01 1.245441405607197405e+00 1.190920126649098049e-01
5.882034855232020076e-01 1.922775691362164752e+00 9.054183106368529632e-01 2.407510879149466210e-01 -2.094694376986984408e-02 -6.730411886152495304e-01 1.236232614819285036e+00 5.491544943815312996e-01 -4.646136247821888721e-01 -1.129922344948679491e+00
1.722160407014670103e-01 -3.011768030379125341e-02 -4.421112838470948603e-01 5.807439920487305063e-01 5.691640990926934984e-01 -6.066934100500808169e-01 1.517511395089757853e+00 1.137136307636994331e-01 -1.108102837959305809e-01 -6.834915044848634269e-02
5.178684920489093901e-01 8.962692252846918839e-01 3.293161769987110188e-01 -1.269380020392109065e+00 -2.347664936639939359e-01 -2.340717729959685967e-01 2.660774718502495695e+00 5.615566387042546515e-01 3.924405082196562589e-01 -8.332651300235451863e-01
-8.436197486069776375e-01 -1.074333457228426880e+00 1.977087564618643933e-01 8.864339847739095557e-01 -1.806448167774544478e-01 8.361387144996917931e-01 -9.864508612513256391e-01 -4.951322645322647764e-01 1.131795657658855481e+00 1.886764566693101622e-02
2.147159938005348323e+00 -1.942751944796664576e+00 9.741744502167944963e-01 5.462289186188559187e-01 -7.602791455621908945e-01 -8.362754105186258613e-01 2.955722652697995168e-01 3.161936968732842468e-02 4.173618705690975705e-01 -4.583465565228606597e-01
1.727053183283961513e+00 5.910017252231919427e-01 -4.036811650798642903e-01 -1.203016258119394610e+00 1.320634807899032426e+00 6.390768037533466339e-01 1.809288999137256548e-01 -7.435265110463639138e-01 2.461893764706938048e-01 7.268056912835176853e-01
-4.975434882583079088e-01 -1.340902903186837136e+00 8.875658564454902422e-02 -8.972679964977600120e-01 -1.633953728344805567e+00 -4.848523312213168235e-01 1.424918513837599932e+00 -1.335755872444752024e+00 1.268433121625996529e+00 -8.827610640586751600e-01
-8.853111709769580229e-02 -7.720043097969768731e-01 -2.107489990100643307e-01 2.050835304195112452e-01 -1.153708869908694146e+00 -9.373420091729403048e-01 -4.677061148526420187e-01 3.040188440489016153e-01 -8.800513922198026640e-01 1.121764850033276639e-01
-3.962996027702424540e-01 -2.051645877197142143e-01 6.556552810294837830e-01 -1.181304753405529429e+00 1.311977347263614924e+00 -1.366597855718193921e+00 -4.253305258936895816e-01 -1.001008211214546195e+00 -1.451665355204364127e+00 -8.398023998362292852e-01
3.436163034416759854e-01 1.184082353261465714e+00 2.953096798796587402e-02 4.192107233791655951e-01 1.353634135504034990e-02 -1.213025592548808040e+00 -1.799572238027901783e+00 -1.521913848658703161e+00 -1.063463877795315163e-02 -1.205960177759842544e+00
6.729473059132493051e-02 5.049578280471797020e-01 8.242343456971600313e-01 -5.524321481138251277e-01 5.288930301063624606e-01 -2.453561941362715770e-01 7.912206529705935187e-01 3.221376825803651811e-01 -1.529642938941519481e-01 -1.252245377467730014e+00
-1.482720406892744203e+00 -9.315779472329063782e-02 4.583662986679061802e-01 -9.715498284605098567e-01 -1.001346388260453635e+00 1.594423494409374253e+00 1.029032056373028858e+00 -1.052800275021406051e+00 -3.615275659119640550e-01 -3.237060738225314843e-02
5.782731921362713745e-01 2.149257168702604748e+00 -9.082933458501016855e-01 -3.431310166112320204e-01 -1.592740295669020423e+00 1.745840635827808240e+00 -1.080640250118956258e+00 9.200202153515318892e-01 -1.138443421564918845e+00 7.573493132535839001e-01
-3.325206428418290838e-01 -1.332248559066753879e+00 -1.237178961612528161e+00 -1.495903302022105197e-01 6.175884180566766635e-02 1.132852024664687596e+00 1.609783529119083734e-01 -5.098023769926061100e-01 -7.773395117506691765e-01 8.672956320568004918e-01
1.054179881211710024e+00 -1.682005307236330349e+00 5.885328311206882157e-01 -1.581116853355368779e+00 8.109266483679919979e-01 1.180147508893346853e+00 6.011901991549837287e-01 -5.161581782277155916e-01 -7.096450522875967781e-01 -8.761639015274219622e-01
9.036685237303420104e-01 7.145977748876986002e-01 1.531653668597587892e+00 -2.530732722009456093e-01 9.191980367205511149e-01 5.861086487150735103e-01 -3.113047424427410892e-01 -3.045234262701275729e-01 1.226182434304796814e-01 -3.897819801525875816e-01
2.453139741498958082e-01 -1.026584719941127100e+00 -4.536908455603460566e-01 1.563175106404869341e+00 -9.331808911942972573e-01 5.023288524253799459e-01 2.586652985610383704e-01 -5.569514563523726425e-01 -7.438045427816174227e-02 -6.099888870570835397e-01
-1.302680822900895152e-01 -1.158149808530283265e+00 2.000716203684954841e+00 2.361863194022721935e-01 6.515863627048654738e-01 3.181962511879304900e-01 5.260740973543379662e-01 -6.736773492930104856e-01 1.096471072277463765e+00 1.664841497538522175e+00
1.438857524013420042e+00 -9.454760116761186106e-01 1.316024639099721283e-01 7.267659893169560181e-01 -7.216652707560308189e-01 -1.770440856122663664e+00 3.549576080543904166e-01 2.342826409219118944e-01 1.140095183343069030e+00 1.183096347437481294e-01
-4.338687297797779174e-01 -7.152355416667944936e-03 -1.364408862324179461e+00 6.435464890614511768e-01 8.818247569635291327e-01 -5.327080328354678596e-01 -1.374223950818194595e+00 -1.788554705634387010e-01 2.336912357241393012e-01 2.941032327689233061e-01
1.758309157338394657e-01 1.770793304643314636e+00 1.791561131832125342e-01 -4.584952206303776756e-01 1.001272681332660008e+00 -3.689915489254458336e-01 1.549006386034419203e+00 -9.803290696305705376e-01 1.505083374643481742e+00 1.933546805413442371e+00
2.929814293030560957e-01 -1.064668468321648076e+00 2.864530558519253201e-01 -1.096873382054900592e+00 9.329603545988148783e-01 1.474125920506552001e+00 1.631351224338995598e+00 -2.585278486358329797e+00 6.450928319391039389e-01 -6.831387596711886445e-01
1.596573995251204359e+00 4.151706671826222994e-01 4.680972380164279412e-01 1.622850375705423120e+00 -8.253031166235894056e-02 -7.428023551965653448e-01 1.897977928336035125e-02 1.206751337170835825e+00 -2.201541953921792860e+00 -2.269515295846692704e-01
-1.878853124520770468e+00 -1.054288498680252317e+00 8.008168988712448533e-01 -4.105422510901454713e-01 4.236436507970485765e-01 -1.793708887730109391e-01 -2.194470940069680243e+00 -1.703113320057594582e-01 -1.273444319259571689e+00 5.758047884950764361e-01
5.754609172094774516e-01 3.739943794448090109e-01 -1.929035292601911644e+00 -4.831516738501793196e-01 1.359612964082239195e+00 1.508572766281429889e+00 -4.853460962060869854e-01 -2.851614120254937768e-01 -1.356102338531352425e+00 1.261972777823904268e+00
-8.255985169573676341e-01 5.788987090948448655e-01 1.544038461519491312e+00 -7.453602497677720429e-01 1.208003946234609938e+00 -5.993947156079587613e-01 7.782236999652498988e-02 9.014678891958893825e-01 7.265073895414534411e-01 -3.437679817838365515e-02
6.976940657118168021e-01 -1.121863630344480001e+00 -1.098072736895213897e+00 -3.573977319218523130e-01 7.909924608125643575e-01 1.480192347093478356e+00 -8.974905387107572352e-01 -7.245092854783290182e-02 1.042414685353780790e+00 1.541489457051718581e+00
-1.788554161420781385e+00 -8.933745602400088026e-02 -9.022280838394742819e-01 5.624434288839359475e-01 -2.364892736135981721e+00 -9.907715914016916592e-02 2.988737164927575685e-01 -5.908534090997140664e-01 -4.249002300402349164e-01 -3.782852585836519177e-01
-4.565106154731578547e-01 -1.953448949091012965e+00 -8.291011018806397626e-02 1.215150431229331085e+00 5.968956984202494764e-01 4.192175901721235942e-02 8.348935011404179374e-01 1.346935039100647824e+00 2.786026718620177034e-01 -9.209050177637464474e-01
-1.013988300636218254e+00 2.253262086500796624e+00 1.252708455117415021e+00 1.233275827408925274e+00 -1.434445155079352441e+00 -5.465416566543073590e-02 5.471103072234942966e-01 -4.880428307283012079e-02 3.125034630281819936e-01 -7.412209499391954060e-01
-9.678972107569022709e-01 -6.843019352428132418e-01 -7.384996588227729086e-01 -2.793681035320146333e-01 1.428455688320349859e+00 -1.258367860750226469e-02 1.085458528039052295e+00 1.696034597789469744e+00 -7.550211158424819935e-01 1.849060192504823064e-01
-5.676948667456791497e-01 -3.139829992706938966e-01 8.955281392996303769e-01 7.068743309066888303e-02 8.063682859844862882e-01 -7.536422041145277584e-01 8.819106825183331555e-02 2.081226044609651993e-01 -6.239682534214279208e-01 -8.018453663019791122e-01
1.791020392762234570e+00 -6.960701892019078851e-01 1.149463130632867092e+00 -2.726934969171756484e-01 -1.266675532956508698e+00 7.837425497986267864e-01 2.645051127831318238e-01 -1.174924885786229334e+00 1.245855173098728175e+00 3.108256063168038374e-01
4.312127837652877105e-01 -6.405679311735151815e-02 8.791512120433111477e-01 1.997791656243652181e+00 -8.025889602600322359e-01 1.204087877413398733e+00 -9.878274505760072932e-01 -6.323818723620326931e-01 3.642127217825411600e-01 8.135287258733762128e-01
2.003752092713250388e+00 -1.365053520509302620e+00 4.609206348551106447e-01 5.815843839488345213e-02 6.478320153632137757e-01 8.158356516028805183e-01 8.534037056061839488e-01 3.340390087989720813e-01 -3.981034122021407939e-01 9.034065062061369389e-01
2.473742230833816391e-01 -1.943702260756667854e+00 -1.169010008032727477e+00 1.542668411973447062e+00 3.423746026233953077e-01 1.203718788431942688e+00 1.873626173772071357e-01 -9.825456512012876731e-01 -8.722955582408458142e-01 -9.757274471049290909e-01
7.281867099949680400e-01 -2.834167501363195618e-01 7.437847462961576506e-01 1.805001604648090119e+00 4.349448559282687032e-01 -1.175959640893397440e+00 -5.572326976538036769e-01 -6.391588158931831298e-01 1.093061699199617598e+00 1.348035029504726978e+00
5.884626399570795918e-01 -1.207989083407878805e-01 1.485018298137282367e+00 5.589622070248365659e-01 5.901031934215632546e-01 -1.141430136253380967e+00 4.018555013299356937e-01 8.721089812910721717e-01 5.026653307356864220e-01 -6.004166210203887299e-01
9.904491108112153386e-01 4.354264991663357454e-01 -8.917095259355533043e-01 1.739568491964123886e+00 -1.762430031531216024e+00 -1.524808428570607055e-01 -4.076516989691247872e-02 1.440652975618248677e+00 6.161079903019094084e-02 -6.361698030043043683e-01
-1.357329203307659493e-01 1.776781443597331478e+00 1.477488318657925737e+00 2.427416931894182256e-02 9.758734263172778867e-02 8.545718208165065111e-01 -7.470674496059621916e-02 6.980190917927214800e-01 9.175547907137336923e-01 3.135665597312082276e-01
-1.791868406717476644e-02 -3.494537725224285962e-01 1.460705607119986649e+00 8.693765189422475448e-01 -6.478427939141728764e-02 9.806177057813619813e-01 -1.096781615392610876e+00 1.259650682211011619e+00 -3.355917439515496703e-01 8.161461945639314486e-01
4.064903430788714966e-01 -1.426132046552752719e-01 3.112605250651995781e-01 1.006635675744454339e+00 1.315890558995013393e+00 -7.204879397288477261e-02 4.088735327823729282e-01 -9.810901541329456466e-01 -7.849082214143801028e-01 1.042452580435339504e+00
8.142530644254518668e-01 1.084624233071343369e+00 -4.907662302812273447e-01 -1.526696434367219579e+00 -6.502897596392853696e-01 1.714996649436371576e-02 -9.211553968864348574e-02 -6.819301443628560389e-01 3.668173428872681385e-01 -7.701183059242497908e-01
6.858206373556736679e-01 -1.921038280489589578e+00 -5.553804026353660432e-03 -1.213476477768658190e+00 1.536364673911734258e+00 1.160062626800068136e-01 1.115060787189683156e+00 1.027272638992146270e+00 4.931115588275710726e-01 7.406340461122158381e-01
-2.243557070721626356e+00 -4.144772774190990522e-02 -9.576959037039481371e-02 -8.287708103658009140e-01 -1.034095762802213825e+00 1.147250047698879616e+00 -1.478223501134793505e+00 -1.046209138656780530e-01 6.720761948134765240e-02 -5.567810642013459876e-01
-1.560963884306124927e-01 1.245967754807770556e+00 -1.041186324487053172e+00 -5.715602808588911010e-01 -2.533191635701911859e-01 3.406989320622479112e-02 9.942543832808597992e-01 -5.968980371884469172e-01 2.490541251986143068e-01 3.691496080714155581e-01
-9.087963643479070319e-02 1.095624516130561776e+00 -2.916692628405946966e-02 1.208407288311419858e+00 4.544732412872719007e-01 -9.865310981469286311e-01 -4.243587839554306407e-01 8.140283916822818600e-02 -8.419712461372842738e-02 6.272715588655539687e-01
-5.426023554196814924e-01 9.428515659194272036e-01 -9.297612774578523087e-01 2.178047364205659975e-01 -6.604263893828571375e-01 5.177043989791758616e-01 -2.822304346049527624e+00 6.860377054947357223e-02 1.785090497337152304e-01 1.146611296346437880e+00
-1.029206609482855583e+00 8.667571417076671558e-01 1.992457483253350925e-01 4.420124070987593856e-01 -1.391393925632649298e+00 4.757498651412748192e-01 1.140153648007906639e+00 -1.029982577968987956e+00 -1.178415236739892569e+00 7.523652777024994465e-02
-3.259202427836273980e-02 -1.216561219994986009e+00 -8.072765438884652034e-02 -8.906193294116390158e-01 9.731034931400798227e-01 3.962242920627650489e-01 -1.520493770219223661e-01 1.793235208969629624e-01 8.150610465185815778e-01 -9.844213628945567285e-01
-1.200143848819885672e+00 1.106735532625918172e-01 -6.067916630580765247e-01 -2.824067808045269135e-01 6.694414066026715959e-02 -1.397432970082229220e+00 -2.431100935190275425e-01 1.383308919126848613e+00 9.312932707198886551e-01 -4.243819136201596454e-01
5.631169263063789954e-01 -9.538800726859492096e-02 2.010479907086958062e-01 -1.193422009569425901e+00 -9.352376232656354205e-01 2.374481216007638729e+00 2.313259563924977003e-01 -3.265304408359268051e-01 -9.244238866414008493e-01 -5.033419410265842497e-01
2.046440926799292903e+00 2.856249102407483753e-01 3.695959826678840709e-01 6.503080392639446483e-01 2.071603177524100059e-01 1.556373574366848089e+00 3.452240097742398928e-01 -5.973961369314401137e-01 2.839090347038095707e-01 -3.609889939642270673e-01
9.848620549314915928e-01 -9.810876390722100826e-01 -7.700805570275939260e-01 9.582891567237693253e-02 8.965360717980143113e-01 -9.854484280989312950e-01 1.254642280942313767e-02 -3.304680032227566011e-01 9.239224737580673530e-01 3.199001130478635324e-01
-1.754231923464621090e+00 -4.239723126590541624e-01 -4.604941108433419084e-01 -5.266285419849369154e-01 2.832070836838611605e-01 1.128332350288087316e+00 -7.847537000786841688e-01 1.028418224423776062e+00 -5.133931735623252779e-01 -8.855992867879663999e-02
-1.028950566865370446e-02 -2.330706893241362154e-01 8.387152843838414640e-01 1.479398386787546649e+00 -7.575805180612249501e-02 -6.803937345956876381e-01 -4.140617581026558303e-01 1.425678554931002040e+00 -7.712369080186943782e-01 2.105700338163329632e-01
7.997520335653224288e-01 -4.808689813183520401e-01 2.545119689147551933e-01 1.057978759849061562e-01 -7.819939748537148017e-01 1.522075921847595437e+00 -3.453685642937925904e-01 -2.538239610474908314e-01 1.282520138598236326e+00 -2.800401078492211759e-01
7.539632139866968286e-02 6.535382151534303574e-01 -4.722371831380920981e-01 2.907974474164439771e-01 6.392710922656789918e-02 2.171756072119300107e+00 -7.698453325502060962e-02 1.164422830951772125e+00 -8.964449923806147580e-02 1.931498786131578216e+00
5.106945810533086716e-01 -1.196859822762646575e+00 -9.804520203612310247e-01 9.653373360738570774e-03 -1.107367642621419845e+00 -2.430993721828223209e-01 -2.163428976982454954e-01 4.697179107433092637e-01 -8.835613660865530017e-01 8.069461507935172806e-01
-1.221367602598201652e+00 2.078263743776039618e+00 8.718987458149519698e-01 -2.166955295555400823e-03 -6.898108693685497395e-01 1.485578885796023041e+00 -3.427835001958267624e-01 1.132986376094240466e+00 5.972379071969714515e-01 1.000517132489805172e-01
4.339316528691367081e-01 -3.311609274694526373e-01 5.469200067692954470e-02 -2.972835869704033573e-01 3.627095558031943612e-01 7.411653325360995082e-01 -6.487615820730051608e-01 -3.866070921292266704e-01 8.919546249494829659e-01 5.812341888642068577e-01
-4.452385224756392201e-01 -9.119039405434213874e-01 3.744776046390856927e-01 1.226633893349685200e+00 1.583449756023655564e+00 2.037363326497062310e+00 -2.055308373394019839e+00 -1.022034530273834951e+00 2.476928658603865518e-01 9.765137577361415744e-01
1.280267054090613810e+00 1.014722752803253414e+00 1.226052420648576780e+00 -2.793175714174156998e-01 8.959060884209909537e-01 3.395822399440598383e-01 -7.684746341498353006e-01 1.650231552065462681e+00 9.652651537289314021e-01 2.304974671419558252e+00
9.178500980107587859e-01 -2.619370448042088295e+00 -6.508878881200979016e-01 1.752338788403006581e-02 1.521562919536869063e-01 4.363506343807688759e-01 -3.987715270307375381e-01 9.395504144164363858e-01 -9.210804564578021214e-01 3.902411774341250639e-01
5.778891264039164311e-01 -2.400490934572896862e+00 1.221292985315698854e+00 -1.329003261311473283e-01 -1.040044214415319690e+00 1.851957284129557735e+00 -3.919145951593856481e-01 -8.948878805217244103e-01 -3.051411565066151632e-01 -2.163577611986883920e+00
1.728230291832637544e-01 -1.207456046827349416e+00 1.508946896808982530e+00 -2.074703841614536914e-01 1.031528568209781449e+00 -2.756049094504817165e-01 -4.201680612864107101e-01 2.336545821120539768e-01 -1.541025630279906911e-01 -1.061307954833367928e+00
-3.032425243276640203e-02 -1.327111712970419743e+00 7.017465335428516582e-01 4.653698198509769179e-01 -4.347861570911856766e-02 -7.761755607063577367e-01 -5.769742296453705954e-01 -1.393954550281933491e+00 -1.852422853983012985e+00 8.875316205485822563e-02
7.145198206767675031e-02 -4.001480169107788365e-01 -1.019126724798044448e+00 5.571998316896511344e-02 -5.511386801698962140e-02 -1.089380126856212661e+00 -2.396933445523338757e-01 9.424098661199400984e-02 -2.119344475881299594e-01 3.559687446861022342e-01
-2.246324658472340197e+00 1.764084530712717536e+00 7.176655159453448896e-01 7.724403973094325082e-02 -5.057150989079953196e-02 -1.775362311963392947e-01 6.936709778680914817e-02 -9.263001690024699197e-01 4.538770443658803888e-01 -3.734632461916945201e-01
-1.983589396289995532e+00 2.134084389121298830e+00 1.161540800185124400e+00 5.919701998720294789e-01 1.964592700345776377e+00 -4.760131583322684823e-01 -1.113061081614949099e+00 2.737317888469325555e-01 9.404136673926808410e-01 5.057641828702017506e-01
-5.695593279604660442e-01 -1.017810900703427945e+00 4.809024715829263719e-01 5.523557542406952736e-01 1.549584826089990541e-01 1.054712401540730982e+00 1.160854161442489874e+00 3.235216062295067085e-01 -1.762239519315364211e-01 -1.337534453156135728e+00
-2.519698506037371666e-01 5.871874157755145873e-01 7.120368018278585565e-01 4.312792011933476166e-01 -5.407409354005580093e-01 5.592688964096562687e-01 1.038524550204778407e+00 6.147409027352810362e-01 -4.732935274351331434e-01 1.045591383242913341e+00
-1.830525931932897921e+00 -2.660315567032402129e+00 3.741816533909771425e-01 -1.090101433979975942e+00 -3.840504779264965890e-02 1.651404974311038443e-01 1.598418374652283758e+00 3.465337719213115175e-01 -7.047263322440152633e-01 5.242104800576609103e-01
-1.277682226890966222e+00 1.884041484213197837e+00 5.088538278683160110e-01 -1.917539529574263435e+00 3.774099851846794418e-01 -6.683619207936336570e-01 -5.265816758278578646e-01 4.705637654050523477e-01 1.412256585609198978e-01 -1.326944985679542777e+00
-3.155071967102610619e-01 1.135705058600174761e-01 -1.178268380941642837e-02 1.573358637472389576e+00 -2.074703462662970566e+00 3.314040235288699954e-01 -1.191860556680059968e+00 1.324935182286790303e+00 -3.490095180248664053e-01 8.575771541846337609e-01
-1.232269358605118770e+00 8.354024736368257376e-01 8.610116033409492831e-01 1.924839336802706968e-01 -4.766922248285398456e-01 -2.640564799500734125e-02 -9.887783236528399078e-01 -3.661562307095146962e-01 3.653540024627184302e-01 2.203882284851080980e-02
-5.102678099874488060e-01 -3.209322139824667630e+00 -6.140657296926492759e-01 6.552078262933714869e-01 7.461176044659922901e-01 9.604330136207156476e-01 -6.986740531578939928e-01 9.884418695610990291e-01 7.871822922198511430e-01 1.976404786309722272e+00
9.071257209294004697e-01 9.998694741237066363e-01 5.099080860679994220e-01 -2.317662804090126205e-01 7.371369760818263783e-01 2.658428176855177558e-02 -3.735276935756384059e-02 1.286005175679415080e+00 -1.080702693936552050e+00 -1.750271404305866918e+00
-7.824625585376893122e-01 -1.524521466828207661e+00 6.559695502129113398e-02 8.505279740094691121e-01 -1.063758986110459270e+00 2.402757734097309861e+00 7.779749358559570060e-01 -3.035727884901119888e-01 1.340201168762127582e+00 -7.611069882911198903e-01
-1.750065038733384482e+00 2.606618172411342416e-01 -1.881918427018943518e+00 -1.814251982933516860e+00 -2.283152885620344796e-01 -9.223189258774514565e-01 -6.157470580735708611e-03 -8.376278043006832874e-01 -1.379617852358820507e+00 -4.864316474872664720e-01
5.407845839732196291e-02 -1.663146880048922638e+00 -8.184281805918353081e-02 -1.632112175465463555e-01 -1.652884055968640187e+00 1.695372726187889922e+00 -1.163001674320538914e+00 -6.266302921244436552e-01 -1.327921674752874148e+00 -1.313857182048716377e+00
-3.522336204684142213e-01 -7.159142662745647534e-02 8.173543522853997656e-01 4.555831419627803802e-01 5.158536712802351820e-01 -3.939856619851009878e-01 9.415803722119454600e-01 7.239623040917388119e-02 2.412064986626944574e+00 4.875577287847858710e-01
-1.635013673881930529e+00 1.292640358734474360e+00 -3.885282030516156726e-01 -1.507283066650366932e+00 -1.380502997343757920e+00 -1.225537765361425668e+00 -3.309107760944517418e-01 -6.211701665653509424e-02 9.420550290127309712e-01 -5.027676851646278866e-01
7.052392128788871339e-01 1.110939063756021472e+00 -1.217697289763031376e+00 -9.335010568210230231e-01 -8.304528661277251755e-01 1.748223745400151463e+00 9.854896672616493269e-01 -8.064221316356013913e-01 -5.491327576681018785e-01 2.037817361554096207e-01
-2.430522868919290924e-01 -1.887994873558869857e+00 5.894941476082948134e-02 -4.337259900511048101e-03 -6.888540934373088565e-01 2.172638334353306500e-01 -8.221870144608059081e-03 -4.852029472393880050e-01 -1.236756580274546158e-01 -1.728405560990819545e+00
1.229000935570413011e+00 -1.834304240771948757e+00 -1.116744086361465965e-01 -2.531015036440201982e+00 -6.382082153151887871e-01 -4.291740119665365949e-01 1.436099078907045579e+00 4.627646410262933885e-01 9.836988507718018304e-02 -1.956199193214967422e-02
8.212886604735751828e-01 1.072316490635601416e-01 7.326522304237370609e-01 1.008231260165432630e+00 6.120231755007349284e-01 -9.694005655085733419e-01 7.179323965671400298e-01 -2.989202291602700567e-01 5.057554491844452882e-02 -2.730604566896806529e-01
1.048562383573797968e-01 -2.129678758409816908e+00 2.276274713615493162e-01 1.684642376032409461e-01 5.177466754678977656e-01 8.038793656476053151e-01 6.254087786478272903e-01 -5.305008544714039376e-01 1.612741371497099507e+00 -9.300687430704518421e-02
8.274549552661528695e-01 -3.215257549713130270e-01 -1.254049922837015218e+00 -1.122089528601772218e-01 1.209261550309222999e-01 1.066282295161516958e+00 2.598376498627990583e-01 1.116896650956403114e+00 -8.551312530115523503e-01 -7.328958039860756779e-01
-9.764781242301143749e-01 -1.975145498258482402e+00 -2.098221591312977807e+00 -1.196407685958556177e+00 3.093032402436782791e-01 -1.052995435437364069e+00 -3.397543905005550036e-01 -6.399995174846319357e-02 -3.065097544190044765e+00 2.931611690193643982e-01
-2.220185099447470556e+00 -1.205907842942798736e+00 -1.202976439764031902e+00 -6.039973090723923521e-01 1.924003763644666076e-01 3.280972239191234929e-01 -1.133041834650282853e+00 1.290882648679307687e+00 1.104595120440562406e+00 1.095823965919948240e+00
-4.404175628446023727e-01 -4.852693406854425295e-01 1.125303102858030702e+00 7.375824216454675286e-02 -2.062024877860169525e+00 -1.084823838845002442e+00 -2.536120398940164389e+00 3.032218092746011284e-01 3.730580775725119702e-01 -8.990578777145415978e-01
1.156463569759425436e+00 1.301001218589822761e+00 2.126566227773332596e+00 2.619665788116410932e-01 6.698282667482510222e-01 -7.897881321203256144e-01 5.561775910466565387e-02 1.319740084166801219e+00 5.990638297818176028e-01 -2.384268632118683451e-01
5.621121396184889374e-01 -1.335839464057357873e-01 1.216502356947533725e+00 1.217939775353359844e+00 -4.832567114084578286e-01 -1.336708424580184129e-01 -5.605723106500948294e-01 -3.954188073574088635e-01 9.413120741943811209e-01 -1.547286739773687421e-02
-1.874437088306564858e+00 -4.981589518180599141e-01 7.747937862046783142e-01 1.397335215136416009e-01 1.068168201687931029e+00 5.186610843515524483e-01 1.024777983141712090e+00 -1.374127633326104048e-01 1.227686735408877183e-01 -8.000252038861355164e-01
1.070116936427685170e-02 -7.903607100270184649e-01 -1.864298487980037500e+00 -7.383580430588557730e-01 1.203555450082482103e+00 1.073394119156045434e+00 1.307955822928385192e+00 1.457496204700171605e+00 -6.272276463565383819e-01 -4.922027735681377969e-01
9.392305951726094282e-01 -2.140525208344801478e-01 1.599883500482932375e+00 1.985167002122324165e-01 9.169578902620133254e-02 -1.015859416357753897e-01 -5.385206330336875791e-01 1.465427243165422055e+00 1.256597995198781570e+00 -8.635702990883981078e-02
-1.709852071982557731e-01 4.581755914516001948e-01 1.039253577362790004e+00 7.448283077892433601e-01 -4.816425923190631453e-01 3.668610957004761475e-01 1.413527313883062186e+00 -9.469801335906823381e-01 7.885532888611398450e-01 -1.144611533865047992e+00
-3.000687118684917665e-01 1.546430468221743348e-01 1.036346776340782094e+00 1.105911177169297543e+00 -8.924515319162206195e-01 1.593768200476393782e+00 2.907820223430840345e-01 6.126464124659563443e-02 6.069440350399909478e-01 1.326447793228844318e-01
9.929460086186822076e-01 1.683229830589563658e+00 2.247642167036109917e-01 1.629514025411380462e+00 6.440042395190789248e-01 -2.019286714705468555e-01 8.535254382884205349e-01 1.598580573132221336e-02 -9.890985645738739618e-02 4.245681901142452919e-01
-1.521457694844391417e+00 -9.945012672701345480e-01 -3.153040963372481520e-01 -6.656155107487635725e-01 8.293394383046905904e-01 1.233135571887578275e+00 -1.348261183200723412e+00 -1.896855939692629001e+00 -1.276716740748073065e+00 1.116823978060729472e-01
-7.737390799523523599e-01 -2.102872147595441277e+00 1.001506379280990400e+00 6.748841330454143916e-01 8.516608374743737109e-01 -1.213641085078500104e-01 3.134741702603031921e-02 1.039471196848662959e+00 -1.143045519251817688e-01 1.309870443707523258e+00
-8.183433949085650028e-01 -5.740836188555659136e-01 6.359018610023372542e-01 6.852979981517687280e-01 1.093827005624453230e+00 -6.961857556920473256e-01 9.503446431180698761e-01 9.689179763199347040e-01 -5.994231081495251523e-01 -2.903182047816755262e-01
-9.514566506135430091e-01 -1.096622129374008381e+00 2.047705302409449837e-03 4.672240598591105298e-01 2.153682304619093824e+00 -2.452408245112561169e-01 -5.311540220395979395e-01 1.940600959414393589e+00 3.120771681628148886e-01 1.940900573036861809e+00
1.473235104115611926e-01 -1.009852152978985979e-01 -1.280035538795138317e+00 -1.622689126098184387e+00 -1.102268475770814105e+00 2.100160095614943545e-01 1.475080229606321458e+00 -2.611964440885487515e-01 -6.862826465772038365e-01 4.767987425856023420e-01
-3.772473718763616479e-01 -1.102908276928301179e+00 -9.603906941358889560e-01 -6.945886365198834511e-01 -5.738377752918456531e-01 -4.079785119774578250e-01 3.749392468836257875e-01 -1.386879546124491380e+00 -2.164456177066815812e-01 4.207962458567585662e-01
1.977698664440058041e+00 5.636595415190692737e-01 1.770837526904367742e-01 1.294999557665038381e+00 -5.087491990971062528e-01 3.898189274105143265e-01 -6.162908611114897850e-01 1.415859134345763271e-01 6.979942874124116514e-01 9.877261127031358168e-01
1.618354294795143034e+00 -1.197703044438079350e-03 7.644590837867876187e-01 -1.779451309841721285e+00 3.880464517223238818e-01 4.357767422575071770e-01 4.756960728838734442e-01 -5.533051935820961775e-01 1.345174975803331119e+00 -7.583481400836285247e-02
4.513484404058119570e-01 -8.858757047704737264e-01 -1.501942956929190054e-01 -1.418378751168586582e+00 7.191984385997173268e-01 -1.021120863579809912e+00 2.545626317257734250e-01 -1.847246644363484125e-01 -2.900766278537045273e-01 4.476613416924659639e-01
2.853246362914145795e+00 3.660535384136007209e-01 1.786208566461404690e-01 7.106222537943786000e-01 1.549198703647177489e+00 3.936545336916172921e-01 -2.143977525543665053e+00 1.311466429843368475e+00 2.736743493059406451e-01 1.149352780352422415e-01
6.760672235227390692e-01 -1.769616480632037359e+00 1.127797752781080964e+00 2.563622362780359487e-01 -3.992000951289609301e-02 9.443181453912824486e-02 8.832206069601334919e-01 1.463901950165754418e+00 -1.832835117628370147e+00 -4.467953137572552857e-01
-1.611760855470791620e+00 1.995036309763755511e-01 1.253247826148806920e+00 -7.081687153525464407e-01 -1.762893536414681175e-02 -5.866105828780741049e-01 1.787406429264403851e+00 2.576729209730324044e-01 8.625962833108994365e-01 -4.910266575827452740e-01
2.287066433178831515e-01 -2.129827902682827734e+00 -1.581520005321823963e-01 -3.516057206813701791e-02 1.217238154573307751e+00 -4.420332274921707216e-01 1.020725871549525987e+00 1.050102046339332240e+00 3.095446107169085859e-01 -2.235815013770284576e+00
3.961773879734367121e-01 -1.253455711660925953e+00 5.253441767549166252e-01 9.204872288545992154e-01 -1.091882377445073438e+00 7.142322136485418360e-02 -6.180322789421616170e-01 4.939451421367153094e-01 -2.354671976779724729e-01 5.738849580077567403e-01
-4.340460107654217081e-01 3.434140250278966411e-01 -8.353535885584925103e-01 2.835665441650799812e-01 -1.094548924266214973e+00 -1.003044343719291742e+00 7.677326378994604461e-01 1.319948667115136587e+00 2.757665970894219720e-01 -1.070097853902403084e+00
-4.256472349066972027e-01 4.575601738611252411e-01 -4.532589720149162171e-01 3.068533192339903959e-01 -5.543871118649027485e-01 -2.081135145242105078e-01 1.973976011126900576e-01 -1.200082982129270448e+00 -7.983273424399905949e-01 -7.937825403741668451e-01
7.294318204943952555e-01 -1.846976601868537848e+00 4.295394681867186620e-02 -6.677427490103844399e-01 -8.978400959742283138e-03 -1.347644992775894002e+00 1.786514412371011939e+00 -8.827655414319880434e-01 2.028560002344563351e+00 4.306866072532027356e-01
2.599766633034469532e+00 -1.054084669503351224e+00 6.475849452372981485e-01 1.467557167742862545e-01 5.022894634695115323e-01 1.131672075229419594e+00 8.048395245369442952e-01 -2.067247475353586883e-01 -8.424773617011471760e-01 -3.504362174993285173e-01
8.210879315817677382e-01 -9.355718838267313986e-01 1.412251617990289976e+00 -9.520140933388925308e-01 1.474837797707037712e+00 1.275287953803260210e+00 6.658596591624766914e-01 1.296927102397282372e+00 -1.121196788052448934e+00 3.230915967230092722e-02
-6.739001336585968005e-01 -1.529111837455695788e+00 9.718437480205414092e-01 6.342327008109237274e-03 1.368007843784089517e-01 -3.440133008389196778e-01 5.156742309026303150e-01 -1.454035345606927709e-01 -9.483627058486315820e-01 -6.352813543660171258e-02
1.404353356577123346e+00 4.294585204256399780e-01 -2.335064015977761920e-01 6.706430413646313760e-01 1.070016706108066540e+00 -1.546720548212616508e+00 5.468178114796233558e-02 -7.509912084602098359e-01 -4.372323048387333766e-01 7.786365700172133142e-01
5.967459256663815853e-02 -1.749338177094711178e+00 -5.358546994963390153e-01 5.390038706577917615e-01 -8.623457336146980179e-01 1.302710451524088597e+00 8.815664043507437375e-02 1.807841419402619776e+00 4.494435617609715550e-01 3.022083947780299651e-01
-8.782982303478784614e-01 5.856149087776071349e-01 -7.051582248843766276e-01 -1.983361760101752136e+00 -1.610800042976650692e+00 1.081112169861636163e+00 9.592449268098736104e-01 -1.805232362877402796e-02 -2.517064899950586798e-01 -1.674196433692667574e+00
4.108666589504222366e-01 -1.389967586348225703e+00 1.063510478514893220e+00 5.971689054559659038e-01 9.478242416952767924e-01 -1.378255695881683007e-01 9.586665493145200001e-01 -6.252787759286919655e-01 -8.513585501346961903e-01 2.463790118229088666e+00
-1.622553254605964557e-01 -4.516929964325990254e-01 -8.680977041784277981e-01 -1.292649420339713195e-01 -2.510035671884922048e-01 7.395885641494537310e-01 -6.757980352095707688e-02 6.949544153949741565e-01 -1.696309285549969292e+00 -1.137071514836069802e-01
7.101299107370365737e-01 2.206549628355049253e-02 9.685256993332024278e-01 1.319325129493833515e+00 1.894844826162628282e-02 5.492275827971564439e-01 -2.675257955917916264e-01 8.840414655464923221e-01 -8.925982301453525558e-01 -1.337417451056882034e-01
-3.056133425852322616e-01 -6.342348697410665759e-01 -4.822460790679968801e-01 -1.673284134794935651e+00 1.058232760985013066e+00 2.371838347038170425e-01 4.047293639230510887e-01 -2.972364572894816565e-02 8.963789203774223946e-01 -1.576591783978811001e-01
2.464187145631038245e-01 -4.579363894932660106e-02 3.213445212372581516e-01 3.716204862366623840e-01 4.728465111596533710e-01 8.224026377430977697e-02 -1.529462534932887419e+00 -6.330808534200951243e-01 8.663331620307133107e-01 -1.266413247601358982e+00
9.405585322604510523e-01 -2.937133921926085023e+00 -4.191684549549618000e-01 -5.554806199671150635e-01 1.943600055242200364e+00 7.477501733075814228e-01 2.036295394830125449e+00 -1.143985369539888275e+00 1.219400778651661854e+00 -2.229668426038296236e-01
-3.806082570259844422e-01 8.725533214159738593e-01 -4.419685029872619242e-01 9.287616447679123421e-01 -9.799248590430362782e-01 1.917728058194087648e+00 5.488842421006315808e-01 1.104478932807342773e+00 -1.028359805376655833e+00 -6.239377345823691190e-01
1.638340810135785475e-01 -6.211673456699947637e-01 -1.709886976149553248e-02 1.398766373338513835e+00 -1.351807236912536681e+00 3.924818802766243953e-01 6.339267318595679379e-01 -2.636543376345371059e-01 -1.513331455007483339e-01 5.707576271169201992e-02
1.355985090211995647e+00 1.551326209628282493e+00 -7.052195496324459301e-01 1.409323553240086069e-01 -8.531374639085546052e-01 1.248087940698881848e+00 1.433403489987843171e+00 -9.744037898717089474e-01 -7.580508746794014652e-01 -3.856700277802569965e-01
-8.666918003458466691e-02 -1.298355510160215998e+00 -1.543368069088781214e+00 -1.387835530680108453e+00 -5.815539990216551658e-01 1.240969580193737487e+00 -1.129025104080884967e+00 9.737490368632514826e-02 -1.137180368148045462e+00 -7.272587967156353139e-01
2.608199899657057674e-01 -5.521851557057686488e-01 -1.013874299002360146e+00 -3.041015741509181525e-02 1.518593110029468285e+00 -6.861467924007332853e-01 1.246696014936784058e+00 -2.073567076096201500e+00 -4.351176176448731114e-01 -1.630973236444812846e+00
-6.268336943107236658e-01 -4.584042376031884913e-01 -3.777678606679303330e-01 8.652299109579497660e-01 -8.519941202395086011e-01 2.225910707885997430e-01 -1.256113150721869909e+00 -8.951029029015724614e-01 -1.759936312730977725e+00 3.977375247727550356e-01
-1.719564438934629402e+00 -9.746112182124871959e-02 -1.007684684329838820e+00 -7.585008314276111552e-01 2.154097883625142096e+00 1.689909255109768305e+00 5.604587892836446761e-01 1.149796536982345518e+00 -8.432301260906420459e-02 -3.026384866348661440e-01
-1.767919128930524331e-01 -1.185079789681405815e+00 -3.625819142735714484e-01 -6.229116270621222196e-01 7.846462172802937118e-01 5.652454503867500035e-01 -1.589660621230156945e+00 7.408677237324057252e-01 2.925000793047557446e-01 -4.857364176981860959e-01
1.618276462331236676e+00 8.169246732865922400e-01 5.361664410198329067e-01 -4.548998855107071887e-02 -8.569104293250247029e-01 3.234255414436661979e-01 2.058326317949518425e-01 -3.093213408985073243e-01 -1.259652076634898865e+00 -2.653898085480851932e-01
7.282189755843744283e-01 -3.499705898689948191e-01 6.128896193140854765e-01 1.802210371758097562e-01 9.780218017483958137e-01 -1.103334264472780157e+00 -8.083918180007627907e-02 -1.207102402978430383e-01 -2.206210773391207025e-01 -2.259736689416960986e-01
-2.221942018751893178e-01 -1.154457793060668536e+00 -3.515184533415465634e-02 5.272440456390353747e-01 2.026647393101118910e-01 -2.117531401043317441e-01 -2.163870179931290660e-01 1.067781926749417964e+00 -7.256528880360468836e-01 1.062960696636491065e+00
-6.382751119746550295e-01 3.204405169060335345e-01 -1.906159859329255024e-01 1.052066946463132924e+00 -1.022199222450777684e-01 1.457662754611423021e-02 1.923016372014921815e+00 -3.078859268734828736e-01 2.023921536833480361e-01 4.343329762561605190e-01
1.294881169943319588e+00 -1.478154517823961234e+00 -6.514322212008063495e-01 3.063116157374609072e-01 -7.492392420876202719e-01 -3.346487523721138890e-01 -1.844467748209733804e-01 1.875221684273369605e-01 1.724221786312163385e-01 -9.790602849157767906e-01
1.345492769225290763e-01 -1.148640538243202336e+00 -1.104618480197575137e+00 -2.709761885681459259e-01 -6.379951198262678869e-01 -1.013844338651107568e+00 -1.253071523566791523e+00 -2.570990188113700947e-01 1.596893557306177991e+00 1.478711997508833864e+00
1.867635520227146906e-01 -7.367431612844089761e-01 9.367967082635468845e-01 -6.619674233358806559e-01 3.709721378683610848e-01 -3.624910109287151072e-01 2.924769440815348509e-01 1.562215735497302749e+00 -5.628016495421412912e-01 -4.444269488444870797e-01
2.204466853920611369e-01 -1.844756781190715900e-01 -1.564918372772289290e-01 7.219983860154185473e-01 8.033202477242821216e-01 1.043052923497889806e+00 -2.922954874336386455e-01 1.613942436213035458e+00 -4.404544935173332343e-01 -6.363994286829089964e-01
-3.436570626628173697e-01 1.569834655019478331e-01 -1.498816530106532596e-01 4.935773224074033738e-01 -1.242023901672563158e+00 1.168466151323373781e-01 -4.508163829284607127e-01 8.957528498635535241e-01 -5.099464566336644328e-02 3.596819068490108573e-01
-6.971352306660896225e-01 -2.654570300001224847e+00 3.742641502213406302e-02 7.035292277629437985e-01 -1.241463491040706302e+00 5.558327346072684527e-01 -6.472730152422681016e-01 8.948722429426932967e-01 -5.036320854599883878e-01 -2.541625075198806205e-01
-5.114540503425448748e-01 -1.442333059093898084e+00 9.742704706035844042e-01 3.258956955638021569e-01 -1.289463087765715388e-01 -2.220630631838531599e-01 6.580425105772953753e-02 6.609526131703172824e-01 -9.536737097539672511e-03 -1.388871846307767832e+00
-8.423718207854908879e-01 7.139206333913240832e-02 9.726573232190079965e-01 1.070750388161316291e+00 -1.441546815682024141e+00 -6.056264526230991097e-01 -1.257871606925381913e+00 -8.578836113036627520e-01 -1.052425254666852439e+00 5.385814728684357872e-02
4.348806695570879288e-01 -3.986744046200138558e-01 -1.135702999455177720e+00 1.147900888608618164e+00 -2.305158818870742810e+00 -3.350511754957061772e-01 1.069752313598428151e+00 9.748216457262022239e-01 -1.588733947356365042e-02 -5.162670026145216307e-01
8.856598408801873434e-01 -1.185814897528008061e+00 1.226399121985201512e+00 7.832678530391790073e-01 1.350117443820449736e+00 -2.238677395357052680e-01 9.826691463094293644e-01 7.222644228524928156e-01 -9.064088369267979672e-01 -2.056705800828094066e+00
1.059066413226838144e+00 -1.139462092673472648e+00 1.799597819024396639e+00 -5.754884104884124829e-01 -2.565610464488326525e-01 5.994150085674111450e-01 -1.016331808758034638e+00 6.034044416549962930e-01 -2.877293893794558022e-02 5.752621709315595133e-01
-6.648258090409783216e-01 -1.411345379984637882e-01 9.372640144382942129e-01 2.005664781523319451e-01 3.964731371098752510e-01 3.887420555930747312e-01 8.314392564942146846e-01 -2.623843756963726292e-01 -3.041958735218584509e-01 2.524163154256456876e-01
5.329093484196047864e-02 -5.828941194306175300e-01 -2.195510900898644535e-01 -1.843151469432855460e+00 -7.884666862572013990e-01 1.404805152032536197e+00 7.581889931560431561e-01 -1.831497219530756893e-01 6.477010273039466304e-01 1.011485410040546817e+00
7.525235790912544465e-01 -2.147223579037313979e+00 -1.104390212630777190e+00 1.357725273144973599e+00 1.891256967630826624e-01 4.193687027757804220e-01 5.136330125960754112e-01 5.107029313864536180e-01 -7.884225038954926212e-01 -6.370681860083148296e-01
1.088452512268576644e+00 6.067476478986337796e-01 4.364048366920646460e-01 -7.388766022325229388e-01 -4.571570280087878246e-01 -1.045319426760566717e-01 -3.134848407097568512e-01 -1.311997815519310828e+00 -2.301547458812223945e-01 -3.544762877567452786e-01
-1.084953861215195658e+00 2.718635621768760169e-01 -4.319836640275523387e-01 -2.196540908617045373e-01 7.807223372465437183e-01 -1.256407165740272669e+00 6.062137300272355533e-01 9.250829930942631174e-01 -4.262589764398441172e-01 3.439426660838145189e-01
1.007078282655042401e+00 6.205708568526511204e-01 -8.003833232861377045e-01 -5.723579109049452551e-01 -2.149200383311472340e+00 -7.427100510733801730e-01 3.522263129507099411e-01 -1.240951692675701157e+00 -9.276687209626464092e-01 -5.676705565097218686e-01
-1.248956355363897597e+00 -4.060787593659307415e-01 -9.876913678313224976e-01 4.960021296775070643e-01 -9.082045819432059686e-01 2.260811479216451314e+00 -3.110677875191166231e-01 2.803667023831425964e-01 2.227978822510213508e+00 -2.169157271346761062e-01
-1.107299357145288647e-02 -5.802320866280374911e-01 -1.002164578046205179e+00 -3.926245547044979189e-02 -2.000342408526392390e-01 -5.050317429467273689e-01 2.882122431655406714e-01 1.140978707470569953e+00 9.584093401169690996e-01 1.119935342587386140e+00
-7.698217516629638490e-01 -1.878626933754519390e+00 1.164753204392440011e+00 -3.378691622625695778e-01 2.692642266582211397e-01 8.446766058301904967e-02 -3.508086560495967537e-02 1.872571972368939908e-01 -2.939264197922919486e-01 -6.359574172290460847e-01
-7.881863857776530979e-01 5.065224288604485148e-01 -2.037144188314833571e+00 6.805373357335670059e-01 8.717250392696176964e-02 6.255960208872525241e-01 4.885792096983515020e-01 6.588487410313534909e-01 7.536319529262119898e-01 8.693564116961364219e-01
3.336746841631974547e-01 1.687158105720761636e+00 -4.606988254148510209e-01 4.225389937241879612e-01 -5.534129433227972239e-01 1.621104428315660595e-01 -1.026148747537604100e+00 -2.766307886070015765e-01 -1.800944679094728385e-01 -6.849206056348176030e-01
-9.596462562704199950e-01 -9.801995415355229113e-01 -2.404714468308163933e-01 6.649894928863818722e-01 5.933637664649201726e-01 1.700523575426789724e-01 -6.522008798682937813e-01 -3.260475328786847926e-02 -3.236154946853229131e-01 9.766759363060457666e-01
-2.050978607046326785e-01 -1.153430451379616084e+00 -1.436493922031531589e+00 -5.368171054395715069e-01 -2.709007137009389776e+00 -1.813116173514809082e-01 1.330006863916814719e-01 2.619710674267881956e+00 6.282906092096528505e-01 -7.108017097957689545e-01
-2.014946831432688212e-01 -1.042601593730197118e+00 -1.110526739255566664e+00 1.468976143409287172e+00 -2.307611909969046679e-02 1.838803705469095107e+00 -1.001348075812548283e-01 -9.527120637132960868e-01 -4.604656424748196919e-01 3.594680357121239900e-01
-1.457819155337512607e+00 -2.382470552953825926e+00 -1.057743798158101711e+00 -1.364957623168379097e+00 -1.006104284326073017e+00 2.103053373742565790e-01 -8.284043588387649537e-01 1.828429109999317181e-01 1.691403802539757917e-01 -1.030185261755662163e+00
1.204762402511055375e-01 1.067039053852170571e+00 9.133137300410487658e-01 9.392788008741845829e-01 -2.195655024428556645e-01 -9.861813749831155329e-01 -1.174709927076230898e+00 6.416872437338210222e-01 4.969195266972373064e-03 3.237191657982967929e-01
9.105759814042532208e-01 -1.428064637443000162e+00 -8.178622720788044642e-01 9.301864815762470595e-01 -5.974228227172347916e-01 1.610695583069910730e-01 1.553634769408094619e-02 -6.063001821022806492e-01 1.151418879125356787e+00 2.028165400677128805e-01
1.166328819607784784e+00 6.022350943508173460e-01 9.167612927814130508e-01 1.419535714515732128e+00 3.454297149689257163e-01 -6.751042101369668647e-01 1.295157725224218570e-01 1.829077135751665084e+00 1.228962061765224378e+00 -3.222688681026025237e-01
-7.017814772515515997e-01 1.746188007629512484e-01 -7.379688619732597266e-01 -7.012323015963215500e-01 1.263102193828763431e-01 2.519708539147474946e-01 8.611340383816439292e-01 -2.457794502337425080e-01 4.770318693194320891e-01 -6.143429779162807858e-01
4.761385314853187056e-01 9.027928153614812601e-01 -6.444869231490997219e-01 -5.374445648994067293e-01 -9.167209327134366870e-01 1.785886026819240024e+00 1.711723491389046004e+00 -3.420023363840629660e-01 6.421315396125389929e-01 2.985326591438941524e-01
9.047271234732058298e-01 -1.597059548605984425e+00 -5.561756601149659973e-01 4.551390604399622175e-01 5.901610869765802070e-01 -3.609177231323001944e-01 -4.487113309785210613e-01 -1.193919155060863213e+00 -7.630449034765067473e-02 6.833075349988179115e-01
1.592565056086680197e+00 -2.038790496825235721e+00 3.645197947285014339e-02 -6.806615855209764698e-02 -7.304225025313472175e-01 9.275195841443785172e-01 -2.331060527811076588e-01 1.260075492131768726e+00 1.424380809320544783e+00 -4.670024842151818817e-03
7.693165670895103503e-01 -5.104075507501569797e-01 1.563054883120639893e+00 2.185720250283134658e-01 6.803810419628992801e-01 9.811675792882788016e-01 1.264023429867251025e+00 -3.870000431277573760e-01 -5.688434491179674701e-01 9.891663611069603235e-01
1.631163947810774451e+00 -1.031111949872571820e+00 9.547770067197892674e-01 1.369477082280527336e+00 1.434879024502671019e-01 -1.570974624666201525e-01 1.118173745080797366e+00 -4.844477018684639202e-01 -1.407611714755803822e+00 7.547977012229978300e-01
-8.293023247382803609e-01 -1.106444323559361731e+00 4.588477749772054137e-01 -1.588244794401660664e+00 -8.536280811078984510e-01 -5.952271186095206001e-01 4.692538542889116981e-01 2.280698565237184283e+00 -6.862532868018863530e-01 -1.969972161998825577e-01
2.015154994584654080e+00 -1.606653861874471900e+00 -9.255327321533266538e-01 -9.841196104828153768e-01 -2.438708320770212323e-01 -8.690674823025413831e-01 1.853161277091064152e+00 1.003098257955793216e+00 9.150537642886336087e-01 7.036462731503707602e-01
3.581381092709434721e-01 1.347611434007953468e+00 1.490380185171146787e-01 8.109386898725119419e-01 5.215847139340801242e-01 5.946207026105262416e-01 4.761106653275469225e-01 -8.656984758874233798e-03 7.787940361990074445e-01 -1.278811397649027848e+00
-1.576121046105158685e+00 6.199566490422436793e-01 -2.141591806216206706e+00 -1.147061285343695808e-02 1.180510860853365207e+00 5.751167657220279672e-01 -2.490247789111414145e-01 -4.262304384869577967e-01 4.731900367454811018e-01 2.101900422999609663e-01
7.351524635763811988e-01 -1.582927627809241011e+00 1.097678063103154411e+00 -1.274921963738846753e-01 3.237049847177353445e-01 -2.306432022279545635e-01 -7.793462549336560574e-01 -4.688555248057645064e-02 -5.123339086578249102e-01 6.338183347652280863e-01
6.538445236033154639e-01 -8.460095794990851736e-01 -7.434059918600099959e-01 1.228550705859312586e-01 4.124588009216322293e-01 -6.593089177972683013e-01 1.425156045012681671e+00 3.131720840926831007e-01 -9.071687844854257055e-01 -5.520105647512921765e-01
