4.334808806002072301e-01 -3.901282328277414502e-01 -2.574028523057740880e-01 4.678456765525330630e-01 7.081714582606685356e-03 -2.738607995703404852e-01 -8.372748263571877514e-02 1.037380738467536201e+00 -3.645792166490438579e-01 -3.408808254483967626e-01
-6.648996070644155876e-02 -5.363312087384682902e-01 5.774828590995405575e-01 6.690168304772471652e-02 -9.718007494244267075e-02 1.329295024968971117e-01 -4.025900341333630839e-01 2.947178524107844089e-01 -1.891072213394827950e-01 -4.555894115161719382e-01
-2.648197618801237385e-01 6.296382437543074362e-02 -7.274825413418272158e-01 -1.699753035256439948e-01 5.008501833368957934e-01 6.313976154180017501e-03 -3.032804769995884886e-01 5.475267809488586490e-01 -2.479940893591393580e-01 2.637754823867428655e-01
-6.543741136838724382e-01 -4.367235440131659874e-01 -6.835314012571997999e-01 6.481442584158189080e-01 2.307318055300891790e-01 7.840117098663504924e-01 -2.570239397292576333e-01 -2.663702993811670749e-01 5.803641374419181709e-01 4.114073483368405060e-02
7.553696096472497894e-03 -1.405287294002566245e-01 9.917189266932868730e-02 1.681181058983120535e-01 -7.214869224439511841e-01 9.851079645938544127e-01 -8.864594128527271411e-02 8.190437560659477034e-01 -1.950878232627972497e-01 -7.483124884541396682e-01
-1.456020692794217919e-01 -6.181922562864989867e-01 -4.327271612684021052e-01 -3.732427269027404626e-01 4.796149823184163163e-01 1.305182114030223883e-01 4.559433145597296955e-01 -1.114861514870364723e-01 -5.553724017240182498e-01 4.859884255809890363e-01
2.004321362418837460e-01 -6.957508294216312450e-01 8.946523732110292504e-02 -1.197088934387629394e-01 3.450888292295049564e-01 -5.474306213102390212e-02 5.246584847194376566e-01 6.098879812543712697e-01 -5.471642547183441785e-02 -4.997986954242981672e-01
-5.440012285750976950e-01 -4.409687231613471092e-01 1.628197570302868102e-01 1.110171857280412233e+00 -3.006439176083894327e-01 5.102431624762682194e-02 -2.237200859561424560e-01 1.564146143535580513e-01 -5.511288497679308618e-01 2.659864483607110586e-01
6.596572350640805826e-02 -2.924820667087305037e-01 -7.644811972628738905e-01 -3.647273052542340244e-01 3.317019731563895513e-01 3.686066225365020044e-01 -2.846063024086889492e-01 1.614094555278900722e-01 -2.980491131198965138e-01 2.634599272053902430e-01
-4.605376979281543548e-01 -2.606010283520267534e-01 7.912911912681405147e-01 -3.878764414757606138e-01 7.170507302837790808e-01 -1.878858159745671885e-01 6.637241611524122842e-01 -5.163561630784059275e-01 1.515576574186150438e-01 -3.057596299340358259e-01
4.077171052798436168e-01 4.732828487693780395e-01 -1.014293000817164947e-01 -2.014468920541682972e-01 -5.670382040877177537e-02 3.099541297916953431e-01 -3.687093960764182277e-01 2.909238126082356324e-01 -1.478639279730736278e-01 -5.985965426509011478e-02
-3.560865363582407239e-01 -1.654003937207794150e-01 -4.440677586585690950e-02 3.496432359815319635e-01 4.638061105322454636e-01 4.126943187304028537e-01 -3.259479906761860724e-01 -1.295423705127847214e-01 -4.514744139591674310e-01 -3.095834332220810392e-01
5.325659140521344925e-01 -4.340885537227179292e-01 1.535077993508455751e-01 -1.279854345630243029e-01 -3.135912491235560706e-01 -2.619146715818432836e-01 3.644630289402034373e-01 -2.323134561429275879e-01 8.457419139990415280e-01 -7.695293203371795787e-01
2.926273248557547668e-01 -4.337773159373672360e-01 -4.956137118487180526e-01 -2.323768764472022297e-01 5.877413825201184272e-01 9.574615428866668776e-02 4.834696582593820957e-01 6.496736557290005987e-01 -5.705193423509752337e-01 6.815673156556620316e-02
1.505232086208670161e-01 1.634059257467350423e-02 4.590433963264815009e-01 2.857679638818850787e-01 -4.369791521148013586e-02 -1.828281378710325256e-01 -7.246155794913882175e-01 5.893131620886805644e-01 -2.484302192748271132e-01 -2.131672509774796553e-01
-3.859976850003131732e-01 1.595920499502052892e-01 2.411663793237509568e-01 -1.818795820283272135e-01 1.915426488286122719e-01 -1.080384514333077722e-01 1.688939176248803187e-01 4.379284558258129678e-01 -1.121872185827318402e-01 -1.658475250263693190e-01
-3.397156991841733253e-01 -3.263617613057190892e-01 4.050483073012573487e-01 1.106340193149928375e-01 -7.993060359343768032e-03 -4.757246060212498850e-01 5.209926156621746268e-02 -1.462020421240649015e-01 2.203429210304658492e-01 3.994987734789041678e-01
1.610744769613504657e-01 -5.244880923744681400e-01 4.523826473827444183e-01 -2.472464646202170158e-01 -3.549575586904548108e-01 1.086007800598300044e+00 3.959004798887511556e-01 -2.095893308619218021e-01 1.902527777007889664e-01 -3.278566751118255906e-01
7.687940094974540228e-01 -3.581276361240172124e-01 -1.454524121059759256e-01 -1.278909784409766048e-01 -3.499247512600243692e-01 -1.996992147347980417e-01 8.036088555998645300e-02 2.328379138612348964e-01 7.346445010303495060e-01 -3.272391409482974245e-01
-2.639955565697753026e-01 -7.645286488802564007e-01 3.459457714134223094e-01 -5.962383450571887705e-02 1.105000874581307357e+00 -1.827838983943534668e-01 3.164135929781694556e-01 -1.120398150901995155e-01 -1.729764089189897158e-01 -3.905211398179360693e-01
-5.114201547574291906e-01 3.577118899852534395e-01 -4.531464717850612611e-02 1.365612925518743470e+00 2.670833211514985761e-01 1.252366065269355788e+00 -9.818707036223365270e-01 -1.449033476267105602e-01 -9.804003191572662201e-01 1.652954949211989100e-01
2.480122855594798503e-01 -6.668674813884164498e-01 -2.234263682700678433e-01 -1.266142045649779335e-01 2.249135483041944938e-01 2.427797354504606375e-01 -8.175425953317033700e-02 -1.781731920806102487e-01 3.666860733460785005e-01 4.750777010308996351e-01
9.059992182990208587e-01 -3.658375290863123408e-01 3.464329195994119703e-01 -8.391126557941580577e-02 -3.748227822140052790e-01 -6.134241417171226729e-01 -2.783281462387521277e-01 1.562172483033728021e-01 3.723979716025920261e-01 6.053020412525983440e-01
-2.723044721086450570e-01 4.986408837798458338e-01 5.792262620911793336e-01 -2.556682546105634724e-01 -4.480027740319492136e-01 1.006555474876928702e-02 -2.631746648813150236e-01 -1.748952756128398234e-01 1.112918484269909969e-01 -1.304056257883511316e-01
2.497292483370094074e-01 -3.250022951803149818e-01 4.781945540907271419e-01 -1.168431517351538884e-01 -3.055092207689645289e-01 -1.647968105218658996e-01 -1.549384705843051546e-01 -2.160584713215212282e-01 2.097132188082860837e-01 7.541779971090301071e-02
-2.361941570241993527e-01 -1.004877518463055674e-01 1.744850934973650458e-01 3.655176116785548435e-01 1.875674003073879992e-01 -4.373976906332285863e-02 3.020733827208709754e-01 -2.736750096729258508e-01 3.074355207224206965e-01 6.912800418601693087e-02
4.751478478542733863e-01 -1.609105110551586060e-01 -5.187153822648845614e-01 1.750754906182455661e-01 9.359441217247303768e-02 -1.837989995293409784e-01 5.369086696560956273e-01 -1.038417112634300726e-01 -1.575419462143411442e-01 3.293407214200111954e-01
-3.856888089152912258e-01 1.228700410139397514e-01 -7.509224001043502197e-03 2.486078635085658128e-01 -2.659768372197487407e-01 4.234377088052920790e-01 3.900921870719493284e-02 7.547208923376763634e-02 -1.367269444605390405e-01 3.114246957044243258e-01
1.436098878770126486e-01 5.607379736438065226e-02 -8.047132995089896212e-01 -2.664590330369405180e-01 -1.756594357000508533e-01 3.674607384917270014e-01 -1.467454909039839772e-01 -3.331411672961132608e-01 6.655699527729946885e-01 1.679823550213470629e-01
4.099034841377905414e-01 -1.078992187299036704e-01 -3.896606756460042620e-01 -3.116229131410349629e-01 -7.333608029164156994e-02 3.730718935103138900e-02 5.590800615678424013e-01 2.322286688621209572e-01 7.821574242835102608e-02 2.776128494954018845e-03
2.855430398573546857e-01 -4.832003009430488327e-01 -3.450528541784476100e-01 1.436343601200778530e-01 1.469398817233737997e-01 -5.164307099086992009e-02 -1.022298496402200829e-01 5.994420955996573874e-02 -2.846830136733559669e-01 5.276492939616612698e-01
-1.093660432494622664e-01 -8.153524851948549257e-01 -2.692743065896582300e-01 5.067126300855401971e-02 4.628860253475188258e-01 5.827296671625961100e-01 -5.433761742730055522e-01 1.694380629373778424e-01 -4.000559391577842572e-01 3.998794326446073466e-01
-3.309872717370074269e-01 -2.604776302069746752e-01 3.049354743464742779e-01 -3.755657307387108568e-01 1.796105211408001168e-01 -2.357812312241407138e-01 -2.385553505306030886e-01 9.077253953523584107e-01 -3.395710452318305705e-01 5.222920040675729236e-01
-9.498052885469272788e-02 2.251946955370937586e-01 2.770260346422496189e-01 6.557183788228405641e-01 -2.443040418981538564e-01 -2.284106346371082286e-01 -3.332303515124214743e-01 -3.983933353957156975e-01 6.760348467702975706e-02 2.747432612170790933e-01
6.312384277729469195e-01 -1.257178242854545269e-01 4.831448755477481538e-01 -5.888907059672479627e-02 2.223019134365010752e-01 -1.551014044335171094e-01 -9.149777292907280979e-02 -8.912119327971691762e-02 -3.735080552967085660e-02 -1.962002477448902549e-01
-3.565801127943395432e-01 -7.295533374421181438e-02 -6.907267950661800660e-01 9.171122240565602463e-03 4.831346572139199047e-01 1.941305739719869083e-01 -5.379899326202740653e-03 1.364357341155485459e-01 -4.589075194646161093e-01 5.944666930137930683e-01
-2.104479104374030185e-01 -3.336323323475003377e-01 -3.250442955627489972e-01 1.003331625671625704e-01 5.776554065016737960e-01 6.361742886115280549e-02 3.186575240126764130e-02 1.376806324958080863e-01 -3.169373018485201476e-01 1.440379079499028714e-01
1.076147422396981079e-01 4.188822364957970473e-02 -1.943783831903026227e-01 -1.065250426301044551e-01 -3.128995357875411637e-02 -2.302155305149676812e-01 3.638434829325733477e-01 4.424653325006680515e-01 2.805671208034702380e-01 -8.940407971588162916e-02
-1.103545483194967453e-01 -3.320572704253506591e-01 -2.238437767828252711e-01 -2.507617266068065121e-01 2.449955709093055989e-01 7.069043969059921606e-01 -3.379901287135275156e-01 -1.703342925187974199e-01 -5.198928265249006531e-01 5.474391620679456283e-01
1.206505506791662324e-01 -3.474552791720185163e-01 -2.060247493010401720e-01 -2.547554589847290663e-01 8.539063251183565129e-01 2.075875709019805657e-02 9.169361178495061271e-02 2.723596774063958767e-02 1.441829734536228813e-01 3.820923163426038771e-01
-2.884456274269285303e-01 -3.046910578887238596e-01 -3.681560735938974593e-01 -5.272211096203636149e-01 -2.850214601810363013e-01 6.959056293812175831e-01 -8.429166768320406344e-02 -6.669348730369464850e-02 3.899638994900325173e-01 3.253714010518294342e-01
-4.761153491493626544e-01 -3.755440541664086807e-01 -3.985313127589476534e-01 8.138596758462836034e-01 1.314859405542472826e-01 -2.915525092767875526e-01 -9.892536718848207733e-02 -6.747251353364723883e-03 -3.617480480302540102e-01 2.679164609721743084e-01
-2.869138299081420707e-01 -5.293053656576676147e-01 -3.383085285328900627e-01 1.145354542829532252e-01 -4.832537687143688143e-01 -3.664979820315787395e-01 3.949363483147380061e-01 3.603392334764045357e-02 4.874202333051347140e-03 1.095544433997897721e-01
-1.930956894668134360e-01 4.796635491174033872e-01 1.214175722907897964e-01 -4.652499670263359755e-01 5.392923798642171862e-01 -2.088822419938772268e-01 8.889119888648387702e-02 4.576165596448310002e-01 -3.696425378853534505e-01 -7.070461288173193748e-02
-1.594154094949375433e-01 5.049938393215812338e-02 1.933330658886036474e-02 2.648244094193892284e-01 -1.086337610913227919e-01 -2.521702269718967878e-03 -1.619836174556513464e-01 -3.265571322024103940e-01 2.194868145876423260e-01 -3.452677419845236462e-01
8.552682449553265093e-03 6.248000712623330566e-01 2.686729660422220167e-01 1.412369098712751569e-01 1.646605722169333930e-01 -3.850158803937989149e-01 -4.638298703452291005e-01 3.672507163258617591e-01 -8.511711971159826584e-01 -4.662328973704807367e-01
3.669742676956434108e-02 6.587136948478450327e-01 -1.754852328821119301e-01 4.311969451868868375e-01 1.641949218089552298e-01 2.341817167285226153e-01 -3.204464144036884843e-01 -2.455931362166108856e-01 -1.103799412731000171e-02 -4.844030164492022505e-01
-6.257010892337008245e-01 -5.557450176262611619e-01 -2.612757230286882892e-01 -4.134786476503714003e-01 6.091087026629761203e-01 -1.086007636740013022e-01 -2.176167454941505819e-01 2.443323497328108995e-01 -4.245027622583483207e-01 -2.060049097043399891e-01
4.362990218087047650e-02 -4.183950445493180847e-01 -1.354659925871461446e-01 2.517389577138315349e-01 -2.484404928989932329e-02 -7.367384910801981768e-01 6.051890212466676244e-01 -1.731686220995140024e-01 3.616794939845434098e-01 3.916317636139994840e-01
5.734784134091560626e-01 -6.383867065020139655e-05 2.411299449216730839e-01 -3.919740253431615029e-01 2.661015737730195174e-01 -6.122713430051997252e-02 -2.010350407799245953e-01 -1.084793459768347845e-01 4.352089789405023668e-01 6.573058351792009368e-01
1.597611689962992465e-01 -3.930804790030954093e-02 -4.682922192018889596e-01 -5.931547170678589387e-01 1.049405390197188509e-01 2.427253210172626574e-02 4.480330857110682574e-01 3.227571825893766899e-01 2.063590943469643252e-02 3.291306396491296971e-01
-1.034046630527323679e-01 5.945144750083973806e-01 -2.012864554186895305e-01 3.079885112752178775e-03 -8.936261373312895384e-02 7.762351733926409203e-01 -5.430006784247533025e-01 -5.826753430868242267e-01 -1.167337918135228220e-01 7.617054275770533678e-02
-3.281449467973482359e-01 -2.327514970708838837e-01 -3.335016757606206611e-02 2.170263989126389736e-01 -2.425862403210296281e-01 -5.581571275621778350e-01 5.587879554465424725e-01 1.587886040618208539e-01 -1.003914237478452931e-01 2.438186021095597178e-01
-2.714036555951049312e-01 -1.140050667993204592e-01 -1.627609255622464723e-01 2.852433177006603593e-01 3.443827280122254697e-01 2.108799258078367100e-01 -4.143419012523628653e-01 -5.403124937236197800e-01 7.675233243643814207e-01 -4.144389812727826694e-01
-4.484328705831115980e-01 3.653176565471138310e-02 4.099940742529166737e-01 -9.075372669717088892e-01 -1.910139475368909101e-01 -1.959868123207796076e-01 2.488989159758072667e-01 1.363651531587540544e-01 8.852456780537982794e-01 -5.292286825561306474e-01
-4.379627931402567120e-01 -4.858845439130368704e-02 2.390906535430870616e-01 -1.722354895057954249e-01 4.544720935579779630e-01 -5.097523177600246092e-01 4.877537108639323771e-01 5.082630161272146813e-02 -1.473452568742220636e-01 -3.004731916951375870e-01
-4.181430222941184272e-01 4.684384929211818926e-01 -3.222102783065863840e-01 -3.599232855110599538e-01 5.100705458252694502e-01 8.041199688377234089e-01 1.071565741511006642e-01 -4.742450122274653457e-01 3.756314268267337830e-01 -2.961305370688913641e-01
-2.211704060923583293e-01 -1.891990075753181844e-01 -1.017231759861033646e-01 4.953982677708270721e-01 7.347040990560085340e-03 -1.938664156004646366e-01 -6.281791585791188237e-02 -2.226742432671970778e-02 4.210750475816555927e-01 -6.590747883079830505e-01
6.830828647460618352e-02 -3.254920495514922463e-01 -3.524683691046508471e-01 -6.605653405076139517e-02 -3.620251080721383907e-01 1.595978328233114973e-01 -1.964753274994445742e-01 -1.644240126992120299e-01 4.754369987227785588e-01 -4.692645378865670930e-02
-2.247214677283095596e-01 -1.386900711658086783e-03 -3.556834173105715147e-01 -2.958250341961390917e-01 -1.226952985994080592e-01 -2.726037907815858086e-01 -4.622237018924815199e-01 4.060357759589990345e-01 -6.984295112809425499e-01 7.626910521531037324e-01
-2.432412290705473490e-01 -4.413125391436406586e-01 -2.230446574261919501e-01 -5.320912107464242924e-01 1.161901993764838381e-01 4.109146745236617188e-02 1.233480681391083689e-01 -2.172619906755760555e-01 1.365345679283668234e-01 -6.694847562950907716e-02
-1.714393120110110219e-02 -4.925211705084458491e-01 -4.165974081225502501e-01 1.761979012405762504e-02 1.668873313069469955e-01 5.817817328529171356e-02 2.218920536418533818e-01 2.359518420589166166e-01 -2.659118775395823836e-02 -2.161316468105367317e-01
-3.884097055733450043e-02 -3.367274909421648643e-01 1.065590524970360525e-01 -1.384738230825516003e-01 -2.060339145358761892e-01 -3.477417791965422000e-01 3.645347833227931544e-01 3.651830049755105945e-01 -1.643259321134667716e-01 6.093364779876322412e-01
5.230474193996837995e-01 -2.909309874711054067e-01 4.953716479437459963e-01 1.001474355177615905e-01 1.738995864758880183e-01 -1.210708146395972490e-01 -4.837788129224885880e-01 -7.882119761900753530e-02 -4.511316363987482037e-01 -1.213790101726725523e-01
-1.588905189110640381e-01 -5.577284403370087462e-01 -4.142700680890741560e-02 -3.774115255855328144e-01 4.404202384741305876e-01 6.843093694962060214e-02 6.185712436502611988e-02 1.809738604895375358e-01 -1.101524356672357596e-01 3.915319769635474123e-01
1.060712517187658160e-01 3.646104169571047771e-01 -1.312700733924379026e-01 3.728154904253682123e-01 -1.899359983194223167e-01 2.719541056771535709e-02 -3.431792614482018916e-02 4.265347999351398744e-01 -2.557972443959667386e-01 -5.050912934115486808e-01
2.457770029834191808e-02 -3.577342752744394061e-01 -5.513264189474925692e-02 5.197431919673486944e-02 1.690666928901758403e-01 4.299851711340448857e-01 2.635916825130445451e-01 1.164863593986986690e-01 -4.411601979592715689e-02 -1.521740189232224927e-01
-1.560304728629016702e-01 -3.674402366114565277e-01 3.338412346596476565e-01 2.458434859589223032e-01 -5.644396111375747926e-01 -4.631905984438081103e-01 -5.624623456727236015e-02 5.114308365185792349e-01 7.376069898773564282e-02 1.530856304172587556e-01
2.514258746479566264e-01 9.089796850244460380e-01 6.476033359996490324e-01 -5.777922867388769756e-02 -4.338616255890559437e-01 -4.640562864023449197e-01 -5.881848710862433438e-02 -3.111601578298099913e-01 -1.893485123275181481e-01 2.409626240812617545e-02
-2.963061685630272515e-02 -2.545907078884567243e-01 1.586541131410978411e-01 7.832457625665665280e-01 -3.841042509847801822e-01 -4.791873870899427401e-01 -1.214312673860152292e-01 6.603123393072690694e-01 2.642152263057300776e-01 -2.573284676786182779e-01
-2.939914333042931149e-01 3.911106163840318284e-01 7.418834746875553332e-01 -1.025318387492214905e-01 -5.302872365272726790e-02 4.715932750095977455e-01 5.071203570996696275e-01 3.765899648324587123e-01 -6.856319544278728362e-01 -1.824007959356961084e-01
-2.258873011620629867e-01 1.117189606894239233e-02 2.174396174957101413e-01 -4.393356604313234381e-01 3.150737435641756123e-01 -7.202338885011698721e-01 -1.430917631478625662e-01 2.734069508571953522e-01 3.151148688049851959e-02 -3.595610192728332377e-02
-7.031910864599597577e-01 5.235439787277537116e-01 -1.446409266479339317e-01 -9.516464831130361235e-02 -2.504387240318630137e-01 2.372200161723203235e-02 -7.067007041847593873e-01 -1.784309077653173092e-01 8.041540199848469517e-02 6.634957036628920113e-01
2.788473806265427957e-01 -6.509076104331317225e-01 6.217213722455987301e-02 -1.479474747606670526e-01 -6.378986382844659131e-01 5.709419229304029120e-01 1.537073677081584877e-01 1.038109751507787920e-01 -4.948014754818815253e-01 -4.304963981811694707e-01
-5.885679184086903826e-01 7.353825964522973241e-03 3.076523699914133769e-01 1.848078632162171164e-01 3.109491287003831594e-01 -1.235496833817565504e-01 -2.181424864059393065e-01 1.856401315405878660e-01 -6.010223165275545565e-01 4.117625294730904439e-01
-4.512259737617304589e-01 4.380539628284927933e-01 -3.381663125079289456e-01 -5.957346539412926578e-01 -6.879987328855673157e-02 4.921695697434221722e-02 -6.076811155229827795e-03 3.661924663634651966e-01 3.703116680800706551e-01 1.341161561588397610e-01
6.300445127385233268e-02 2.724963483147863075e-01 1.839619205401594459e-01 -2.220374822685060312e-01 2.239008567854085807e-01 -2.948763884417602288e-01 -6.017624905977330130e-01 -2.957439095522166467e-02 -7.559476916743769204e-01 5.207912384810754469e-01
6.153505241898303835e-01 -3.586764850076605282e-01 -3.293495408278556136e-01 -3.154240883048859967e-01 -7.546065587407687833e-03 4.892756701775974326e-01 5.198359574252626736e-01 -1.256277247736072300e-01 -4.920329900897517095e-01 -1.149491467655819887e+00
6.066027970373062406e-01 -2.803820046829914037e-01 -4.088064676200149627e-02 -9.976731337312426395e-02 1.862708243786622420e-01 3.578732914766228346e-01 2.456886170843660400e-01 3.087668819237386897e-01 -1.978028212787150686e-01 -1.627427751065355366e-01
1.375657224452542793e-01 -4.485743686445731182e-01 -7.476831973175988855e-02 -5.195105727355441017e-02 3.774013667791967785e-01 -2.187502378171258810e-01 3.350582902955135944e-01 3.138067153688230415e-01 -7.721219551539983128e-02 -3.936698079537417905e-02
-2.592003027894873024e-01 -5.015140277386114231e-01 4.961288642457674092e-01 -9.804861122621412461e-02 -1.477433850230127632e-01 5.482096465982473632e-03 -3.470201567421155597e-01 4.918042718174363559e-01 2.026488843565098230e-01 -1.161054679182190186e-01
1.117284047765919330e-02 -2.907639413976824128e-01 -7.461353812414539544e-01 -6.320570201390349752e-01 -8.790838969356042087e-03 8.484278447867663608e-01 9.791792367683896381e-02 1.714857787924125854e-01 2.808718750665658015e-01 9.457758872430485630e-03
6.751595000783447986e-01 -4.483031081647788074e-01 -2.239768704049628079e-01 -2.575145155779177131e-01 1.200950084066693818e-01 3.383683792330819395e-01 -2.668023622565605102e-01 3.106594463634314573e-01 1.045196551409978580e+00 4.009394918389199702e-01
-5.628885911586025692e-01 -6.448680024529280796e-01 -2.995895141891645810e-02 2.932007445942091395e-01 -1.250636925218753248e-01 2.570998747255984207e-01 6.310259594340070777e-01 1.384453399120113073e-02 -8.222556251749517375e-02 -4.445909797333390256e-02
-3.248702594255656328e-01 3.112236112184429970e-01 -8.323363839068341485e-02 2.740648989793929013e-01 2.043267896867151379e-01 -8.428689999039598590e-02 -2.480030876743355706e-01 -4.331579663662347701e-01 4.657295731678813278e-01 -4.164212836724584532e-01
-1.313777584897579120e-01 -2.136303628625360329e-01 -5.348811670351134584e-01 1.022941382142910971e+00 -2.494644732422360289e-01 1.006824442212516324e+00 3.885366064384038198e-01 -2.683540094286496758e-01 -2.971216946279834903e-01 -2.997470707174852977e-01
-1.574251894123954998e-01 -5.005104118045469175e-01 -2.794680841003883143e-01 3.884129268482262171e-02 5.059177003322210542e-01 -2.553911594269910740e-02 -4.427969338135238075e-01 1.282428315056458601e-01 -1.388216193548835464e-01 2.094824967068530108e-01
3.450724242992774665e-02 -1.066545667597927072e-01 -5.325967911774378560e-01 -6.624535668181342762e-01 1.088142145456958643e+00 -7.812416472574763848e-02 5.123584635233958684e-01 -4.642565599253599129e-01 -8.502364786971519095e-01 -1.008814984057458397e-01
-2.648391394883172212e-01 -1.009826632571552973e-01 3.879934606319788704e-01 1.855293477205032238e-01 -2.699959854199371900e-01 8.175840278349285617e-01 -3.264771920885143897e-01 -1.393376177205646327e-01 -9.004447315628466564e-01 -2.556789482254965273e-01
-5.570111073243893575e-03 -5.539896356863967079e-03 -1.497094047714805920e-01 1.292253360033696896e-01 3.293812282021162802e-02 -2.070227850475412149e-02 -1.049335782544821294e-01 3.252931970766089753e-01 -8.603803898024998953e-02 5.710375373823667333e-01
1.746678736217688321e-01 4.346860357166182909e-01 -9.547024901746644643e-01 -5.192570943842911291e-01 -4.027802679898045968e-01 4.900509730637628292e-01 1.276136873838836505e-01 2.738823497649575112e-01 1.704485672390092521e-01 2.592590178642955601e-01
2.218358782564021636e-01 7.035443080205422417e-01 -4.535243010800233954e-01 1.205224338654375532e-01 6.944555005713638485e-01 9.913267755274647597e-02 2.817051500722494994e-01 -9.044312462231558769e-02 -6.605465931165566129e-01 -1.973509129611761281e-01
2.424065332809009418e-02 -3.753910959608280362e-01 -1.710374429404158125e-01 2.481239275905154362e-01 -3.142158391358048086e-01 -2.162260210726658222e-02 4.761241275407324114e-02 -8.695853718544650501e-01 2.413099344748582953e-01 -1.518967036671560744e-01
-4.630464440907623436e-01 -2.457521507076818879e-01 -9.871850551347571834e-02 5.247541451501389620e-01 5.509526750859805588e-01 -4.933302915701238134e-01 2.894821780020986890e-02 4.219414400030230272e-01 -7.347497263790859767e-01 5.851078489650864967e-01
2.694251825040664960e-01 -1.943029172728347465e-01 -2.090669953754194926e-02 -3.522349273988139018e-01 2.073316389638081569e-01 4.093388145887298379e-01 -1.487522234815641387e-01 -3.386642047243829112e-01 -6.459005419185350760e-01 -5.347232107774620991e-01
7.501675098155210497e-01 -5.455957870383425501e-01 1.241971133257842724e-01 -8.686411202676007359e-02 2.068182479214026974e-04 2.451627898606280331e-01 -5.104988416036142507e-01 -2.226985320624258191e-01 -4.991657459120539264e-01 -1.509020926815355344e-02
2.498798357393876568e-01 -6.660423592886722810e-01 -1.762321296580363628e-01 1.991033261738582860e-01 5.153413325476402518e-02 -3.625150222882671525e-01 -9.185692823554512942e-02 1.264050333502131640e-01 -3.291553103479493703e-01 -1.949903384025638772e-02
-1.962443272624521673e-01 1.492491820631165478e-01 6.957119054397953306e-01 3.460604112268714228e-01 -7.342490063234139441e-01 4.565446077594982333e-01 -1.816510925227431406e-01 7.699444347823227730e-01 1.037606261367731708e-01 -1.951828178253100510e-01
3.601738452104450428e-01 -2.147227214092930214e-01 -9.715016406654322645e-02 -1.051656964819385892e-01 7.408472656007112356e-01 -2.071092531236884970e-01 -7.443823698102555730e-02 5.481795026074101074e-01 1.637408106996055546e-01 -3.005603088511225596e-01
-1.223939878405946001e-02 -8.059852355972553228e-01 -4.343943661612824081e-01 2.018028119629927675e-01 -5.765610959524665458e-02 2.334987349674297052e-01 2.215961953504600734e-01 -1.770600473937410102e-01 -9.268580647387439919e-01 3.163694565221574218e-01
1.906921510021097332e-01 -4.397907708181649222e-01 -1.167122837975315269e-01 4.897730156082468755e-01 8.739849561752767448e-02 4.895967647414528612e-01 2.757913645971333816e-01 -4.307644881889257649e-01 -5.577541683841843317e-02 -8.608320655114130859e-02
2.640565015520328629e-01 -5.552136225437975109e-02 3.319026755693830766e-01 3.029325758029545734e-01 -3.407587539866566151e-01 -1.010475614774895142e-01 -2.299898312333261974e-01 -2.704445618331914325e-01 -2.476269946551057921e-01 1.387936731051568062e-01
9.259134302665254779e-02 1.507206899681044418e-02 -1.164932039359812821e-01 3.934021394321869647e-02 -2.587826376491141334e-01 3.931312292391052066e-01 -3.333399743858449504e-01 5.883353771920480924e-01 6.245273886765267263e-02 -1.912924121478022377e-01
-2.434136144916270450e-01 -5.151418440478968686e-01 -5.347326789825624510e-02 3.912377616070747410e-01 6.174235717348289243e-02 1.009948435621961377e-01 -1.635300275858353747e-01 -2.550695328512387339e-01 4.335998789243861173e-01 -1.885670374917627068e-01
1.128755283114041691e-01 -7.570410341769616414e-02 5.393126970565489398e-01 -2.036051418707754690e-01 -7.106177941325769742e-02 2.059180403754110045e-02 1.591534279898935422e-01 5.507668752680291990e-02 -3.046681790775470633e-01 1.775481557775066277e-01
-4.190825473966967030e-01 -6.148522105036077212e-01 -6.474085938246939564e-01 3.744694049599474606e-01 3.219155641167874560e-01 -3.783043538911401993e-01 -4.942120451301381112e-01 4.825994217077602122e-01 5.706370102943710831e-01 1.025814402015784665e+00
5.271623245499272581e-02 6.223073521379058476e-02 -1.186623268444418761e-01 -4.772799545235945629e-01 -3.008625982428579371e-01 2.348621334740793321e-01 2.257946066244911620e-01 6.693227086385530877e-02 6.404218171878379995e-02 -2.410346961184509640e-01
-5.054802663332553549e-04 -1.407396689805795742e-01 8.466169574397776343e-02 2.608473488433928344e-01 -2.325446862089924072e-01 -8.865022542742236750e-03 6.157024368920875901e-01 2.726830049998723027e-01 -9.455799948318928394e-02 1.336281777083769828e-01
-1.006362409254384221e-01 2.097676378691465671e-01 -6.538503016387537947e-01 4.033425736231508463e-01 1.129423307993525187e-02 3.531704141192013036e-02 -2.089162136172460216e-01 -1.831876495076565914e-01 9.665826874061597684e-02 -3.826433750042849691e-01
-2.438840781183200523e-01 -6.476608502615527341e-01 -3.224371541400227192e-01 8.724092717080755149e-04 5.877324621208520616e-01 -1.785067670756748937e-01 -2.242538584252387612e-01 4.820364771653973812e-01 -2.538814819070008277e-01 5.018177704564016350e-01
6.147756861986763965e-01 -1.891814084003227425e-01 6.115460854716572303e-01 6.385246520837967177e-01 -9.316372578281130190e-01 -1.314298301429045246e+00 -2.160985504533706469e-01 7.872956451733290617e-01 -3.775368246266310734e-01 5.482094121209626358e-01
5.783489549093090432e-02 -2.555707249286162663e-01 2.693781535072770073e-01 -3.068793082137716635e-02 -5.005689585106611883e-01 1.759775722601949477e-01 6.367983095400121529e-01 -6.683842120534289055e-01 2.671595452402933946e-01 2.175754142407377301e-01
-4.423743951399649044e-01 -2.652441173461446700e-01 3.402056450378108110e-01 6.170196415124716838e-01 2.753890078918823647e-01 -1.068097604632735953e+00 -6.795222026167475615e-01 -5.187198710385266809e-01 1.089962045358493947e+00 6.339233918696794978e-01
1.291441244824790557e-01 -3.639747518687943550e-01 -5.547525142346872995e-01 -1.811946571160436004e-01 8.867841264417303249e-01 1.917056820051136479e-01 -2.323540440503495674e-01 2.024476635229740806e-01 3.616640936541111739e-01 -4.060370122011444649e-01
1.670067267833484914e-01 -2.961601446808809213e-01 4.476651069787918602e-01 -2.615382134622057930e-01 -3.250307716519366674e-01 -1.005661583816563065e-01 1.121202797111596483e-01 4.605117548558794183e-01 2.113982239262821028e-01 -6.977747336332276173e-01
4.024664257308394055e-01 3.203783013487693145e-03 3.906640584129138227e-02 1.132437191787115799e-01 -1.090091977098918280e-01 4.245058640628616708e-01 2.422128493791603221e-01 1.064920134206582381e+00 -2.710638171984419142e-01 -7.063553654418032179e-01
-1.519884987525718101e-01 -2.365381452213632107e-01 -2.547533042240672785e-01 1.403816824861042062e-02 6.448901104437614329e-01 -2.650470984772431149e-01 2.042400586699075204e-01 4.448993315317918695e-02 2.255620159238230435e-02 7.470202006235910908e-01
4.381120863346818495e-01 -3.137252465619909669e-01 -2.499636194725320670e-01 -1.138135579098534106e-01 8.439206289927346505e-02 -3.976735388013233896e-01 -3.635231876025657449e-01 -1.052111959951959747e-01 -2.635444328439321970e-01 -2.369114704018386933e-02
3.273699170014179871e-02 -6.104891725584880163e-02 1.261189691800437940e+00 3.042907488086005197e-01 -2.603073946117629989e-01 5.974844695585737053e-01 -3.316343873093687278e-01 3.654523099161686717e-01 -1.211856408914053107e+00 -8.152227365102621137e-01
1.207533191033783732e-01 -9.872762771162583995e-02 4.130376182157179388e-01 -4.554348275844284921e-01 -4.426875696936664606e-01 4.291513114301600540e-01 2.925150740011032702e-01 -5.172820629793902780e-01 8.559289172199008311e-02 2.226677699746204553e-02
5.452945684491452560e-01 -2.003569765011787018e-01 1.770673798486701034e-01 4.469969242560407618e-01 -3.181102352133749565e-03 -1.044936629000673134e-01 4.441974203145612060e-02 4.788270254545706761e-01 -3.070347941447977291e-01 -3.161637855632053462e-01
5.004573077510116735e-02 -4.341618315827534547e-01 -2.162360258627741560e-01 3.770613798136148720e-01 1.452054215932548908e-01 -4.135413883370838706e-01 6.764597820526021543e-01 -1.180036700770012714e-01 -2.112447183638875847e-01 -3.321686071058925771e-01
-2.866911454081209204e-02 -1.909432691373675606e-01 -2.340482258900480061e-01 -3.989557866793289054e-02 -3.433713780807500643e-02 -3.593390965920488234e-01 -1.749115314589641881e-02 -9.639150886415537300e-02 -4.092604731304252952e-01 -8.587818703348144844e-02
-2.881879939257725107e-02 -3.058331287634729612e-01 -4.938963720661301293e-01 -3.106432553178700706e-02 3.633672814466429868e-01 4.678688424633189458e-01 1.950108108094128767e-01 -1.613121470000537239e-01 1.891866166468263444e-01 -6.093925283776548962e-01
6.086813821049443796e-01 -4.819596054143115982e-01 -5.219366152627239464e-01 -1.786692470259993726e-01 2.024447774643009512e-01 8.632659914347008412e-01 -1.076419008659005999e-01 -2.943612083634469800e-01 8.072855679170900384e-03 -1.514056862102224899e-01
2.399912687938899614e-01 -1.239067720586232019e-01 2.287038282910775211e-01 -2.470449011066634115e-01 5.643896184776528990e-01 -1.839606319909568577e-01 2.869359216987376060e-01 2.004930903055696934e-01 7.296489312082056478e-02 6.194827730568908120e-02
-7.754476686820561959e-02 3.859368436786297374e-01 7.895521975388467562e-01 -4.974134164684974185e-02 4.997491986474615344e-01 3.687305900023225003e-01 -4.032668739060827900e-01 -4.230720091544732386e-01 -6.615008473639245601e-01 -2.852603234938856369e-01
5.642453817849654163e-01 -3.948402085303703291e-01 6.736558176914437812e-01 -9.341357557611971174e-01 3.984459082258950402e-01 -4.724368942468017835e-02 -7.343851459051291275e-02 2.017837363938768946e-01 -1.593093411650922664e-01 1.355603212432316129e-01
2.401860933222360328e-01 -3.628445505162763984e-01 -4.958628752252549066e-01 -4.146007541707457666e-01 2.990361267681286850e-01 -6.407189098919356673e-02 7.314730545256258043e-02 1.622002663743685458e-01 4.527969300938550212e-01 -2.079867769608190753e-01
-9.765579307082603022e-02 5.307946085248884671e-01 1.099798710504315893e-02 4.052658212073489974e-01 3.075683934361953531e-01 -2.975308642861891895e-01 -4.026061067698941121e-01 -3.437121332431494203e-01 -3.464994019945338288e-01 -1.157419847005127511e-01
-5.205299338818785149e-01 3.262929297793580596e-02 2.555454718147559534e-01 -1.121309414398675153e-01 -5.093467761208563260e-01 2.493377955093744602e-01 9.416316739741543984e-02 2.675389225013583561e-01 5.018280518749361763e-01 1.227896081975131670e-01
-1.775368340599024486e-01 4.346004871940559178e-01 -3.100760476324816994e-01 6.096256524937128385e-02 1.119573591067746926e-01 4.849573990148956515e-01 1.266752159177333692e-01 3.865280647035412853e-01 -2.810635740008595174e-01 -6.443154238012849255e-02
5.892736992292351150e-01 4.760729123083868308e-01 1.610157052610387551e-01 -2.887245029336154012e-01 2.699095860668211944e-01 -1.898723893980328037e-02 3.394326642214506307e-01 -2.277368393440234728e-01 2.265879127916850880e-02 4.997049829463491299e-01
-4.038666487498481783e-01 -1.827376296415331169e-02 7.548429977664330437e-01 3.024657794679089240e-01 -6.338027526438395620e-01 3.438304960376971087e-01 1.268437522457429578e-01 4.613192164705553350e-02 2.777026260075759478e-01 -5.019504730631920708e-01
-1.459804636341502093e-01 -4.307120276211632431e-02 9.810191219231013948e-02 5.011706033043372699e-01 9.077534502462140942e-02 2.471150993524748873e-01 1.865369962281055449e-01 -4.514401109219936536e-01 -1.817765100381539545e-01 1.262165085388966546e-01
-6.038035155804905019e-01 4.993534791029478059e-01 1.276938828702185169e-01 -5.967285203533461146e-01 -2.149887452855798742e-01 8.448840670934623098e-01 4.214312945734211002e-01 -2.279321766949491956e-01 3.044328733336586490e-01 1.749764726966066275e-01
4.367581816966246699e-01 -1.250549592651874764e-01 -5.729801239889685815e-01 -4.113519610139970140e-01 6.448548628792596937e-02 -4.079191223867876803e-01 4.974697525171084544e-01 2.038752669284399077e-01 -2.245087541483022087e-01 -4.519091281785773684e-01
4.197999169157711763e-01 -4.081358442204437997e-01 -1.630776023857665458e-01 -3.643152273860866264e-01 -4.870020336878707057e-01 5.108416195817671035e-01 6.204343625076659541e-02 -1.567198648207854816e-01 2.503801941694330235e-01 -1.105410976218408614e-01
7.905942560053261792e-01 -4.933847733580424277e-01 -5.369676929243638597e-01 -2.033161720417519247e-01 -3.563940561457296652e-01 4.339407038743535172e-01 5.226074814480656805e-01 -4.987640708996065597e-01 -2.716199327859455392e-01 -2.475949622357257601e-02
3.764205125479992975e-01 -5.543198218785845288e-01 8.196208462291187935e-02 -3.114877699574061798e-01 3.467283325076369604e-01 1.699632647098437421e-01 5.178379260238860082e-01 2.553778879165192195e-01 3.264455766421095473e-01 -4.192037408908129426e-02
2.645702724600320077e-01 -5.766261290396497152e-01 -2.136671060964072388e-01 1.292982273353590617e-01 8.110136853652250011e-02 5.746530276771132373e-01 -7.834526255128232419e-01 -2.405109852910894408e-02 8.387417515147790881e-02 4.015837228090514688e-01
-3.281842599015586948e-01 -6.098952922110901786e-01 5.480982124769889774e-01 -1.469199733734787849e-01 8.933962226747411972e-02 3.620345873353478794e-01 -4.944529722561593482e-02 2.911059250701772752e-02 -6.406273748483573005e-01 3.005300556541560808e-01
2.720220911307812128e-02 -1.879253225393585358e-01 1.283480809463053152e-01 -3.648849115351505690e-01 1.340981922776791624e-01 5.488944047043463614e-01 -5.746268881662904837e-01 -3.479520850608264770e-01 -2.370327649407573678e-01 -2.817818149046247278e-01
3.697641183066119330e-01 -6.307495535972011680e-02 -2.422304211627067105e-01 -1.399718320580261854e-01 -6.424765608497825520e-01 8.470958087657136371e-02 -3.621939147231318379e-01 -1.392062906770303865e-01 -1.324525801048239415e-01 6.730100620343915097e-01
-8.586040584712284485e-01 -5.060173813006023646e-01 4.882406295860068357e-01 8.950780791602007680e-01 -2.624046411839918158e-01 2.018853512328769584e-01 -9.303185477943624049e-01 6.715511245321620359e-02 -1.985693531899169473e-01 2.639960713814087923e-01
-1.792663086830485059e-02 -3.655178966528588869e-01 -1.216472606767246417e-01 1.311831744340630768e-01 -3.943531993655784995e-01 -2.267887598254305359e-01 4.145909180708764463e-01 -4.625742295956487005e-01 8.897700503460836963e-02 4.382674983711986050e-01
5.075017743224241595e-01 -3.951482892910827549e-01 7.474695859017201904e-01 -1.620456434777845511e-01 -3.465079184726578276e-01 -6.715107498657874041e-01 6.164188322249691473e-04 -4.553926726799150115e-01 9.485063064042668912e-02 3.902038611628849685e-01
-5.344351845303134674e-01 1.115960954992049503e+00 1.707598005940939162e-02 -3.755433540400020531e-01 5.832156304434042982e-01 3.665997429522260820e-02 -4.362432983011923504e-01 2.196909223512280851e-01 -6.544256052361709930e-01 1.557838930659246612e-01
7.455737070428073432e-01 -3.145996090238707965e-01 7.152771864084644937e-02 -6.504303216986505598e-01 4.365285974664839808e-01 -7.165534571878195980e-01 -4.779974048394886044e-01 4.657082464826858836e-02 -1.602065082085703529e-01 3.106044737107936660e-02
7.010457118809269861e-02 -4.147593982744953167e-01 -3.170768483119333903e-01 -1.090741392061533727e-01 -1.473458903327620195e-01 -3.511518178762656345e-02 -2.912599985017170212e-01 2.802896692721242311e-01 -7.012714626185965194e-01 8.693078602889433570e-01
-5.226481639438873561e-01 -4.110839514545700651e-02 -6.137039185889640036e-01 1.486768018951467873e-01 8.515157461956305296e-01 2.074899339496392159e-01 -1.209572212996727625e-01 3.119430805508822263e-02 -3.979989708904736467e-01 -2.188730541749286385e-01
-3.771374378001532413e-02 5.816360414291001785e-02 1.056774847826893016e+00 1.034131354449424167e+00 -5.359208040886382918e-01 -2.284759852321025797e-01 -4.661418745179056120e-03 -1.493984001701704756e-01 5.363320850425887243e-02 -3.514989788191933973e-01
-5.098350954065655749e-02 1.235257711811996589e-01 -2.170224114692092740e-02 -1.715599734373288165e-01 -3.891345666622176847e-01 3.985020929854982130e-01 -3.840755937759465777e-02 -3.646593613146854040e-01 -1.435158165791347029e-01 6.278474326692253804e-01
7.325678076877037981e-01 -6.072761720372090721e-01 4.872181936982683537e-02 2.069183935540907238e-01 -5.028447742702016887e-01 9.125898640496554748e-01 -1.310292154441316560e-02 9.226982926988554212e-02 -2.084995443952541994e-01 2.666220515174758665e-01
-8.687579223122806615e-01 7.589647215700944249e-01 2.734176287554570539e-01 3.774548379116732244e-02 -2.746338288903337754e-01 3.341013027218949216e-01 -7.009498808206768294e-02 3.461688913876437845e-01 -3.439811695464812247e-01 -5.868385640416516891e-01
3.700949865091572588e-02 1.853745600917235670e-01 -5.111984287288634521e-01 -1.428557989658946481e-01 -1.721263832894472934e-01 -2.008053658789279161e-01 -5.077164382239872376e-02 -8.805982411743522309e-02 -2.462567445760933671e-01 6.265412453701552087e-01
2.573814926721577079e-01 1.261939499681879670e-02 -6.187663903790194264e-02 1.436794852645033871e-01 -2.107231048392819439e-01 1.168345140028698159e-01 -3.938361211340687951e-02 2.778373434283651910e-01 -1.111818259820170240e+00 3.362455002934030407e-02
3.875061455656691467e-01 -1.902527604092986713e-01 9.889960718370313653e-02 -8.541190948567041474e-02 -3.808700009149278976e-01 -1.522842753602846044e-01 -1.110302418344156182e-02 -2.725297455924650669e-01 4.214623629094967905e-01 -5.675447466344535341e-01
-1.782139310387979847e-01 -5.767678124445253518e-01 6.712941831468979270e-01 -2.986687460356424184e-01 -7.412544624774094516e-03 -8.356974046341930640e-01 3.351779035877241464e-01 -3.362196974104752351e-02 2.654967783744360821e-01 -2.385959941066553847e-01
1.893423676967564140e-01 1.438294463826611178e-02 -2.882663439753609946e-01 2.058938000059357121e-01 1.181512983373276482e+00 -3.118799606301810301e-01 6.358132469095244543e-01 -2.957065651497293723e-01 2.593360317534200155e-01 -3.030020731080931840e-01
-1.227767050465592147e-01 -3.373427189259865511e-01 2.467125345566000549e-01 5.684490270299105696e-02 -2.484200770793195956e-01 -3.224024449390621577e-02 7.759818663867139310e-02 -1.283136461776449577e-01 -8.453919829394350438e-02 2.607708755462799788e-01
-4.995604084230759190e-02 -2.471263193060395658e-01 9.817686520545845785e-02 1.716720729550777202e-01 4.934159311997489070e-03 -2.233615994331627219e-01 -2.865224852478115425e-01 6.773070840734132236e-01 -3.393714552957540209e-01 2.424535650921690044e-01
1.128581784854047892e-01 -4.343086681078750511e-01 4.827686404228141992e-01 -8.093046086221436508e-02 9.567480402860246980e-02 -1.968506148420755830e-01 -1.527533687135938789e-01 2.830252473419885839e-01 -4.073416838875087986e-01 3.814025769126090926e-01
-1.385209705236609412e-01 -6.738999228954722920e-01 -4.557697715941939620e-01 -7.519994670840349782e-01 2.461059045829445124e-01 2.616063427508348860e-01 -5.110135026045398154e-02 -5.097633333912801046e-01 3.147115634438064635e-01 -3.454822171131564229e-02
-2.926892240442896531e-01 2.344033654477785666e-01 1.693492817712432819e-01 -5.032902850397416028e-01 1.104259929089440817e+00 -3.256189551487864153e-01 1.768651310070697702e-01 -1.205376724219782147e-01 3.163612110020222468e-01 -8.633712801556321370e-01
-3.199033434533466447e-01 -2.300345659104496843e-01 2.040483366853201030e-01 4.680018576537767205e-01 -6.797398018240512485e-01 -1.626995192892527198e-01 -1.664678511537221600e-02 -3.839693977493520705e-01 1.322185043700888629e-01 3.479592967387308833e-01
2.911579124799474894e-01 -2.268763242603717700e-01 -2.727244235276663487e-01 7.701089048479417554e-02 3.125928563549007499e-01 -3.760898978048901609e-01 3.524870930955175674e-01 1.477349781002275653e-01 -5.495716266160891039e-02 2.515744005699003805e-01
5.007640023751920300e-01 -6.855910827894175219e-02 -1.445265113636043652e-01 -2.360243983617318908e-01 -7.266553382241192072e-02 -1.175399099502047184e-01 2.604577202103316568e-03 -1.168057097543721418e-01 6.567118660804726060e-01 1.207410623618433432e-01
-4.061655448915675592e-02 -3.779367906443205638e-01 1.383496415035997407e-01 2.106719063201738518e-01 2.761348757179388769e-01 -3.118408665126420898e-01 5.047603025175994018e-01 -1.136811404349021143e-01 5.571670694100788745e-02 2.624504315229518325e-01
-4.182872246076795031e-03 1.980814798996959059e-01 -7.696293029217310400e-02 2.175364402706244371e-01 1.179219083389707740e-01 1.906377600357101743e-01 6.753547472329906043e-01 -3.555029241974803078e-01 1.278367910316050571e-01 -3.560904101118887444e-01
2.065022347077901110e-01 -3.510350658661574585e-01 8.852791234786997615e-03 -9.870345673441126289e-02 -4.158261507768464676e-02 4.334928776252085503e-01 -5.345031240298236952e-01 -2.713090000945313739e-03 -1.717643285144055884e-02 -1.118121669325667644e-01
7.301433521048392716e-01 -2.724698786446985155e-01 -7.940835670299893623e-02 -5.505286319387528993e-01 9.733635064972558093e-02 -7.101315305611987094e-01 -3.605027064283756744e-01 -2.308375357333206437e-02 6.512669703024590584e-01 9.690472620258360203e-01
7.770572832084822190e-01 -8.604190548960330975e-01 8.498765810948513688e-02 2.922803182631026897e-01 -2.751763975653097605e-01 1.085119521167476203e-01 -1.388008655014775217e-01 2.160033136294196420e-03 -2.119170207979562404e-01 4.659634084146546118e-01
1.912571558018592577e-01 -1.913509329369554590e-01 -5.286503200821438542e-01 -4.719082843157048623e-01 -6.370309249442204225e-01 5.419020473587062847e-01 4.765472020395947195e-02 1.590104792001402478e-02 9.977372960444480521e-02 -9.356174350596731248e-02
8.725260036827950927e-01 -2.411843310432291720e-01 3.759382179400884150e-01 -1.246910067949615619e-01 -5.826970116614231809e-01 -1.648108801606031903e-01 -2.111030083316144390e-01 1.712887453320925957e-01 3.121179749272829373e-01 -3.042305801171425461e-01
-4.350464688272657754e-01 2.069281969292257328e-01 2.172153716300643245e-01 2.301907123859213700e-01 4.670090686680039571e-01 3.027264750545098360e-01 2.613718343808990596e-01 -5.465099064874472112e-02 -4.029787476684143499e-01 -8.104005475570275063e-01
3.726870819525760631e-02 2.409391956104719665e-02 9.191597733715700658e-01 -6.232111440971821459e-01 -5.830748214012793085e-01 -3.373242175474929216e-01 1.019149026911127631e+00 -5.898624075280725111e-05 -8.387219472443196988e-01 -5.233104029580262079e-02
-2.724863649119741438e-01 7.328322906619203492e-01 -2.635814702821094868e-01 2.380706880025242403e-02 5.126767073543138098e-01 -8.647108643346531620e-01 5.924652244836611792e-02 1.255177167849037267e-01 -2.011876387745933081e-01 2.262573429980440920e-01
3.604485673397173073e-01 2.746379390242248975e-01 -1.388078288734651833e-01 2.217562578085531255e-01 6.329807749161792119e-02 5.085545213224954564e-01 1.583700833709889844e-01 6.643926315347607921e-03 -4.378062439689928143e-01 -2.554253010132863655e-01
3.580358996654369186e-01 -7.116724328142674805e-02 1.146240916139848326e-01 -2.716804960051924511e-01 1.508431212287509593e-01 -2.238684590075473990e-01 -3.332728162430569907e-01 5.332648118486995603e-01 1.060366090239043407e-01 -3.739014890663726054e-01
-4.689413866522892382e-01 2.419545847074947020e-02 -2.051368868750615693e-01 -4.418092248527821786e-01 -4.768308230226005195e-02 5.611798542301643655e-01 -5.649925499168987481e-02 -1.108641317655459091e-01 7.182285058639100717e-01 7.235810789788046926e-02
5.297746159549192313e-04 1.708845259477769635e-02 1.214078766581242474e+00 -2.520797212284410505e-02 -2.336358359735056789e-01 3.539523581587999956e-01 -5.068325020319826291e-02 -5.801736317846541979e-01 -3.443224018448797219e-01 -2.170764282558670655e-01
-3.291501255664924797e-01 -4.319532417209570041e-01 -2.817840029289887457e-02 -5.500264751525623108e-01 2.451395328415709729e-01 -3.015608308426580009e-01 -1.302889658129236239e-01 5.330613795554566270e-01 -2.947150349255938107e-01 6.716855636504304172e-01
-1.259317306568248362e-01 -4.560761932480394409e-01 2.547757532145700776e-01 -3.503864507111918436e-01 1.205964254831613652e-01 -2.562514053256157442e-01 -2.229396224907045920e-01 5.050973716981203010e-01 -1.646588987619168054e-01 -4.093636690653364996e-01
-4.259823106744134447e-01 8.983943259570262296e-02 1.079774911938580634e-01 -2.734971556911132140e-01 2.523354809339434235e-01 4.319762281811708737e-01 -3.235380666188431564e-01 2.061447042736247459e-02 2.414166559345421181e-01 -2.765730021089853330e-01
1.028703518823350510e-01 -4.891640759960014795e-01 -5.803740164782245081e-01 -7.614421509468775051e-01 -2.547330664917547560e-01 1.774159325955851629e-01 8.346389537950555937e-01 -8.846137306490159391e-02 -6.738566617083752153e-01 1.556275894356350664e-01
-3.306035559007957508e-02 4.291971906801658049e-02 2.868506791095415398e-01 3.931760235052647601e-01 -3.792024287895442436e-01 1.383977631232242156e-01 3.027886339853512188e-01 -1.757414182332397556e-03 5.005689688581885788e-01 -1.738698413461967074e-01
4.025734768134494046e-01 -5.306589033726333282e-01 -4.824328189050878790e-01 -2.720276507688803580e-01 -2.742940972251106113e-01 2.218441067497026013e-03 3.197317954300694931e-02 2.765995837079067154e-01 -1.908659652826689701e-01 7.097447169116258836e-01
-3.596851052613937449e-01 4.812912738656895950e-01 -1.110338307056344710e-02 1.032117059494026545e+00 6.239568753499340897e-02 -6.872829927884152035e-01 -3.312361604611276378e-01 -1.499147193375398868e-01 1.956736934151300511e-01 -1.770776912268783032e-01
-3.363893211637724034e-01 1.601003430975894148e-01 -1.497294810529065101e-01 2.381623308919754711e-01 6.753461898142844311e-02 2.219609393937015396e-01 -5.590634505947382482e-02 -3.253129883849850690e-01 5.395072127862400313e-01 -2.844583445070098526e-01
1.824738482293809805e-01 -3.016779610912074250e-01 2.041512330954354526e-01 1.874631665601074471e-02 -2.457946988558663837e-01 -8.209966855396734486e-02 -2.993058703436848322e-01 -3.472404232123691425e-01 4.790502331089111498e-01 2.176910271753369486e-01
-9.948074398007331065e-02 7.432693747397135786e-02 -1.200231756857393917e-01 2.249940136417308556e-01 4.374063042372812737e-01 -7.746184660840144121e-01 -3.800709706825733392e-01 2.828158127136907174e-01 -2.982153255255553040e-02 -2.534370987986762080e-01
1.162937048821892499e-01 6.534763151637499323e-01 -8.683111944282731476e-02 2.565823168925837616e-01 -5.054515585694256963e-01 5.612658383748361235e-01 -9.424926774294263565e-02 3.315263963909228506e-01 4.590820143352046523e-02 -6.440530248594100726e-01
-5.433553508362779505e-01 1.283750206079372069e-01 -3.336794258525387358e-01 -7.037175669064192896e-01 4.591960225090867542e-01 7.693531206514646614e-01 -2.387977607730789320e-01 4.624196036433769752e-01 1.978022834509828021e-01 -8.428542914211191173e-01
-8.444724099727053401e-01 -6.646075483520127447e-01 -5.646711809298811113e-01 4.909294826360762198e-01 -3.545156969210538356e-01 -2.685881726570982231e-01 -1.938255212507854763e-01 1.770318636310053984e-01 2.818607911031931756e-01 2.609711914043780778e-01
2.987751620901370544e-03 7.485612912584620471e-01 -5.528964077492306561e-01 8.003084789293116730e-01 -3.688386807533670653e-01 -6.500049269280339104e-02 3.468411327543079459e-01 -5.423397796753872679e-01 -6.038861449825350114e-01 1.002253638602505215e-01
1.279160143733965860e-01 -9.309512820854440318e-02 -2.192367497556265976e-01 -3.179505860866354561e-01 1.645079743584432763e-01 9.419657434098005488e-02 2.174438467108955053e-01 -2.801532409689391212e-01 1.503807195930242091e-01 4.862561189890434732e-01
5.433778503724780856e-02 1.841929520347398708e-01 2.339515457143377386e-01 1.519351677927149868e-01 1.942648376098443375e-01 -3.435670692224862544e-01 2.221195809259509657e-01 -5.576341761988001799e-01 2.771144255060247197e-01 -3.731545945672041231e-01
-8.367589179364938456e-02 1.484447353785579848e-01 -2.309546792013008609e-01 -2.752760654687702591e-01 2.668438558639799063e-01 -1.639165027118178464e-01 -1.454507756888924475e-01 -2.256749279936064445e-01 -2.043733676599183285e-02 3.740247146444153348e-01
1.854424361965728296e-01 7.511450553099341398e-02 -3.362055215405545527e-01 7.167048830723010688e-01 -4.279482162434602444e-01 -1.448395842680390844e-01 -1.880430418136145492e-03 -1.878923245560759278e-02 -2.749818773240364500e-01 1.213312729658017480e-01
-2.152408266974668860e-01 -1.554269167454823686e-01 -2.782473157694252686e-02 8.547260013522782474e-02 1.649218454816056278e-01 -1.242810599931373355e-01 -2.086640637409620802e-01 7.819968093690298216e-01 -4.160513094825785685e-01 8.683220832736681105e-01
-2.479625319911411552e-01 1.091868872512217065e-01 3.536515065456722340e-01 -2.114932667019222279e-01 -1.497532274261852148e-01 3.655419554935826487e-02 -2.555716105905491142e-01 -3.958066578379318967e-01 -6.780794726053255284e-01 5.211917620343019530e-01
1.889268591198813296e-01 2.763809850575978944e-01 -3.432040172024544145e-01 6.974345926613660929e-01 -6.683508950298868712e-01 2.267014136908512001e-01 -4.544003441357689077e-01 -1.698907389718999073e-01 1.424622579023871460e-01 7.689529925021139078e-01
2.119682636870987569e-01 -2.756797820885013017e-01 3.014398008397854989e-01 8.389444424596367855e-02 -8.244421770162953245e-02 -7.632523857793427347e-01 2.515955422556804821e-01 3.014557398807513056e-01 -7.485885063677756579e-02 4.708131265410165495e-02
7.409605644579231321e-01 7.983762085278461873e-02 -9.839551312046336540e-02 -1.303769136885498114e-01 -1.681239556696992599e-01 -6.242489587287040897e-02 1.442910061183980686e-01 5.166449528276482184e-01 -2.122778608186477456e-01 -2.892575893066420822e-01
1.284390061753457601e-01 6.026529451349051103e-02 1.083524527223145469e-02 1.250862440091585898e-02 -6.788298555539012957e-02 -4.597963746175809385e-01 1.153599858980811493e-01 1.186200023688715049e-01 -2.855567649685034071e-01 1.849234966256101120e-01
-3.536705100790058509e-01 -6.059520869096709506e-01 5.663344720441203517e-01 4.196528586907291025e-01 -8.114444211555862374e-01 -6.277233772650826771e-02 -3.716910535775214131e-01 1.427560228656386210e+00 -4.438336809322838139e-01 -3.832258925712523356e-01
-2.579357604486035571e-01 3.312840168988203660e-01 -7.705205388975552294e-01 7.119821232150425061e-02 1.700946161880568519e-01 -4.210306125850458714e-01 2.528608624805729899e-01 3.148035567218450126e-01 -2.583891557390276539e-01 3.393943541998456492e-02
3.943693071107909343e-01 1.928726466721193966e-01 4.006904970937696375e-01 -1.971719622861443921e-02 4.005503297468925722e-02 1.194921022931365404e-03 6.372166606563768321e-01 -3.928829800822881690e-01 -2.350383353972963496e-01 3.503125045397761372e-01
7.363509655974470602e-02 -4.616409410199516783e-01 6.142438150478892744e-01 4.263963945226048602e-01 -3.849018045177526881e-01 1.432051897518591965e-01 3.896159598901653420e-01 -1.279018393117376251e-01 -2.619390467618868956e-01 -1.727783132662614740e-01
3.185457909694457967e-01 -3.471703839460633656e-01 -1.775253992880408138e-01 3.926547416350197328e-01 6.526595532470583771e-01 8.145615310647899565e-02 7.912885078846403353e-01 -7.974815440523906618e-02 2.761153115893150711e-01 -1.564354227281876120e-01
3.803652281186012396e-01 -3.889247402047457669e-01 8.722103934439074946e-01 -5.240384200487309130e-01 -1.955247553772537783e-01 -2.210340639544315089e-01 2.484502038428927639e-01 1.474590649216156978e-02 -2.922026145442815914e-01 2.245261217789382494e-02
-3.965775043991092708e-01 4.575326326934551768e-01 5.746900608413607614e-01 6.051410091870437769e-02 5.722771753829155456e-02 -4.835141789662202871e-01 -3.393895994991106835e-01 9.122425916610884533e-01 -4.677226099186302943e-01 -5.821107515805666877e-01
-5.394634933478819061e-01 -6.263299336319755328e-01 5.913895635174640231e-02 2.794540273978823319e-01 -3.159155901747865980e-01 1.792989137709574965e-01 -3.742388631061422943e-01 2.112673213752316037e-01 6.815856891620652655e-03 -1.113846096499535171e-01
-2.194929560407545832e-01 -6.657108788140179978e-02 7.518446134236167477e-02 -3.053089668829767067e-01 -2.697188671988343667e-01 -3.267749413499899114e-01 -4.408472236192012214e-03 -3.149760831347883649e-01 3.809181802064979250e-01 4.371929836063649377e-01
2.064683645053372874e-01 -3.368258602817404412e-01 3.265110540117865390e-01 -3.341514631686788306e-01 -8.289804544269423203e-02 -1.640182196658324099e-01 3.107294150821038881e-01 -2.427237054663171356e-01 6.634347196946455139e-01 -4.500023490746868915e-01
8.014627100663576642e-02 -4.144245660859337543e-01 -4.926239645659691302e-01 -2.054572738684599109e-01 2.465617882119494897e-01 -3.916869649498108674e-01 -9.836619592125359079e-02 -1.875244780495751440e-01 2.750450320357968881e-01 4.230618733354076788e-01
-2.951754288691504913e-01 -2.211854017770475966e-01 -2.228568635844921653e-01 1.568259819187697857e-01 -1.505107620061390539e-01 -1.109848339152786634e-01 -3.367727823324869196e-01 6.626123462305493622e-03 7.501454785191261077e-02 6.587849084618851991e-01
3.594878616174609909e-01 -1.523393742853614008e-01 7.188777520810353538e-02 -4.974254990385315045e-01 6.929956899419292826e-02 -1.052515654693004371e-01 -4.448299721566155718e-01 -2.503200968367485513e-01 4.325872550094563285e-01 7.257275923784492488e-02
-1.164551281226515050e-01 9.074948928398501868e-01 -9.104658928616859992e-02 3.502375778416491059e-01 -3.173367942307690481e-01 -1.019355632261670586e+00 2.694532940290719075e-02 -3.777604437129662984e-01 -3.417907235605253669e-01 1.879111233383261581e-01
-2.877896145545438267e-01 -4.762796169848519390e-01 -7.184564206030269462e-01 8.678075816516954699e-01 -6.211853849868110844e-01 2.598395296983789238e-01 -1.574520205369855097e-01 -6.432336208637777775e-01 1.478310516600044588e-01 3.345662379277277165e-01
2.614694531537318789e-01 9.002201617111524334e-02 -1.646222361846313154e-01 -3.806766667505464552e-01 -2.523848027277796335e-01 -4.226560385544332332e-01 7.681413115364943422e-01 -6.276902561443078454e-01 5.675772027880148229e-01 7.068882239185043936e-02
-3.220276629431775284e-01 -1.592400233641139418e-01 -1.818647838206279704e-02 4.671703239460868740e-01 -6.198947710585479554e-01 5.832211166785911116e-01 -2.582629635345440322e-01 -4.505754873136212368e-01 -1.248151052979633163e-01 5.107269944352971214e-01
8.145097990572025548e-01 1.673947793967174025e-01 6.348829965879694281e-01 -1.518687103418268902e-01 3.043619942168038911e-02 -9.711685164288169636e-01 -4.773843143608812456e-01 4.667398884006661586e-01 -2.419843818339658947e-01 2.567973676616325807e-01
-1.144496159104335664e-01 -4.668041435033167263e-01 1.061263175923906843e+00 2.748807547585118138e-01 -7.295995223901072801e-01 1.260854343078164630e-01 -4.537329251765189753e-01 2.167399955561908620e-01 1.722615063937107116e-01 -6.651980653435822788e-01
5.370735689897969678e-01 -2.946621248353138989e-01 -5.068626522656679428e-02 1.223418802365325991e-01 -7.229044710702622334e-01 -2.902289718144944464e-02 2.782448666632292289e-01 1.091195690268557117e-01 -1.302393672913562395e-01 4.136712247902871870e-02
-2.929970825522043576e-02 8.691499342416686424e-01 4.071790375860011024e-01 -2.958898683426008369e-01 -6.098647937913836969e-01 5.484437764576829966e-02 -1.082185834448503858e-01 -1.300904402605145282e-01 5.303553986941945686e-01 -2.955450261867020867e-01
-8.951891513585673310e-02 -1.036380012922223509e-01 1.676038763253335784e-01 -4.693573965698134148e-02 -5.150610600284137863e-01 2.308942623721620679e-01 -3.480112547260104106e-01 -2.330470636743100510e-01 4.240564437470611403e-01 2.318622683722951772e-01
-3.149589264915397258e-01 -4.593193378196007703e-01 4.349850845364820751e-02 2.619837418494365064e-02 3.417503991099141158e-01 -3.291334550449691587e-01 -2.469522854033762704e-01 -3.382441570133863928e-01 1.515244063916454109e-01 1.846183597108692620e-01
1.775738869544801757e-01 -5.244053734356937113e-01 -4.090935485178908149e-01 -2.888652637869493223e-01 4.548022328241450585e-01 1.710663043337863343e-01 8.416677498643301836e-02 1.245292040864578897e+00 -1.284895546035930702e-01 -5.064111753806027627e-01
-1.949731268627447611e-01 6.787404190483166400e-02 -2.269599550252868192e-01 7.613460319271743437e-02 9.372993385987049564e-02 4.580193086427941096e-01 7.878372441926015379e-02 2.485113792881934458e-01 9.024065383665462459e-02 -1.861375126787205292e-01
-1.089543551020905193e-01 -2.129781891263548832e-01 3.426028211790572708e-01 -1.512312436973928809e-01 3.239768627528551992e-01 -4.781675208889243356e-01 2.864925830620609348e-01 -4.302282167610249619e-01 -9.162223617250685181e-02 5.386361621193460625e-01
-8.779405519144170555e-02 -3.850066142035606931e-01 2.380007788479885367e-01 5.329659475112783484e-01 -2.928619947472198004e-01 -2.840504722383633829e-01 -4.522749334114147812e-01 5.269347880757786484e-01 -7.053148086769809311e-01 8.266649699880714020e-02
-3.229327239498133717e-01 -2.583541952817459131e-01 8.631084490569066459e-01 1.187137794454948964e-01 -4.335486399880758013e-01 -1.353606535780833842e-01 -3.330836645930680406e-01 5.990431716566195774e-01 1.787111718467067692e-02 1.779100052724355840e-01
2.069615235820248256e-01 4.177657615727153328e-01 -3.297007886338073068e-01 -2.408478139044864519e-01 -5.126546140886685254e-01 1.033395063907227157e-01 2.155910615939771735e-01 -1.380951340145280537e-01 6.294775429355984331e-01 -6.756566034367095241e-01
-5.463518604908959575e-02 -6.009912244480852817e-01 -1.860674913721332424e-01 -7.399020959381759077e-01 2.987563622776586159e-01 1.380590548520136962e-01 -1.141175495074818608e-01 5.853378626978875676e-01 -5.005562816341241339e-01 3.000280990162723649e-01
3.749447370503862231e-01 -2.106169181249949174e-01 6.362457086191518618e-01 -1.039597365624289754e-01 -2.490419396573136102e-01 3.270781511396197994e-01 2.804782774668723722e-01 -1.366541845116163167e-01 -7.262191036543804712e-01 -4.057961484878095937e-01
-1.905030901788453135e-01 4.834971641411728305e-01 4.943101647791889319e-01 5.692588113699872387e-01 -4.467831412229558707e-02 1.562241611612985859e-01 -6.224277201506458468e-01 -1.732293734767043070e-02 -8.847230256697079243e-02 -3.044976352710115353e-01
4.424223767787829192e-02 -4.224749720724456092e-01 -5.293531336087954342e-01 3.664737677649075320e-01 -4.545365153446531692e-02 -5.010374272034923138e-02 2.944275478162478032e-01 3.825378377554585763e-01 -2.433876241745186741e-01 6.289118890168664266e-02
-1.098993863343079719e-01 -5.090196075060049452e-01 -4.588942684377173009e-01 -7.267764068797075150e-02 2.242832476135947235e-03 2.790771629204774618e-01 -2.356028165001606278e-01 5.351639197914507262e-01 -3.829303278135683941e-01 2.308053598100997528e-01
-5.022712919902857509e-01 -1.815388695127855001e-01 -3.368849881683389502e-01 4.726492392194409087e-01 -6.461014075057738282e-01 4.565537307327250938e-01 -4.968633120082586729e-01 5.956042867537323371e-01 -2.592057521877921267e-01 2.616377863331625364e-01
2.150731073179846520e-01 -2.148993161784302774e-01 -4.612683311757601601e-01 -2.302720477050376746e-01 7.140759801484046487e-02 2.176078296893716457e-01 5.506916465843836317e-01 -2.741712806170165107e-01 -4.221687696101418807e-01 -4.673054354464917237e-01
-1.790060775098618884e-01 2.636009401180878231e-01 1.175659224038234640e-01 1.012899499928053559e-01 9.812042683109886698e-02 -8.042893111862978173e-02 -8.216111084237041062e-01 1.803184414206731841e-03 -4.859261168793553298e-01 3.601494919839693387e-01
-1.370557553056141742e-01 -3.504632379715227897e-02 1.921150980453482093e-01 1.072149174198474775e+00 6.208341837467695051e-02 -8.069025037483595897e-01 2.273391017352801857e-01 1.121801275702486306e-01 1.592211153767064680e-01 -5.227780836645413709e-01
-6.006477872314108790e-01 1.688197459598146100e-01 -4.055117881271892433e-01 3.076766367320122875e-01 -6.377473382391612988e-01 -8.709051507762069488e-02 -6.324417063167733222e-01 5.199098164803673816e-01 3.526190466111631672e-01 2.190397503587074857e-01
-1.261230004820273476e-01 -3.803868699767893324e-01 -4.782891967274101319e-02 -1.674588404536751507e-01 -4.192715532603467077e-01 1.298383116603035181e-01 3.123943621233059575e-01 -7.487851003681552653e-01 6.305740555387492341e-01 7.839638095522849515e-02
-5.912644527810511086e-01 -2.617159457372299908e-02 -1.432589995258016780e-01 -4.085952376070902670e-01 5.483356823234266653e-01 4.394448708893105016e-01 -1.217856514060750017e-01 1.904781368519470608e-01 -5.821723178600622939e-01 -5.997477064600359453e-01
-2.598039620125939808e-01 2.925916759372882980e-01 1.142869268806060920e-02 -8.198313206055012070e-02 3.789451606861873878e-01 -3.073657121651747759e-01 3.481794564164365502e-01 4.454041146224494985e-01 8.489854692026487237e-01 -9.650896352070867934e-01
-2.128818994715424295e-01 3.529273386413229185e-01 2.547476861657019948e-04 5.961545827129427488e-01 -1.036519291829050698e-01 -1.634404084572066707e-01 -3.756678956866947861e-01 -2.561688585619369962e-01 9.078557947408059936e-02 1.799140751023686202e-01
2.306100881131590008e-01 -7.062984334256516838e-01 7.373932043933717484e-01 -1.518767733027626410e-01 1.363394321461749159e-01 2.102636146192732036e-01 7.260574795785014190e-01 -3.576939649713977154e-01 2.397743472314787794e-01 -1.598197370718693333e-01
-1.910856278941863717e-01 -5.492981234427274373e-01 3.297585745193440943e-01 1.384007586455928696e-01 2.408432060727986809e-02 -8.336321218800427091e-02 8.075365564492146264e-01 -2.955682525629017565e-01 -4.611349947367396340e-01 6.204955241450003101e-01
6.330716937502850472e-01 -3.956656784642985647e-01 -4.423035497964466489e-01 -2.284464646128517573e-01 4.940771119412277201e-01 -1.539646412675505505e-01 3.942570855723333545e-01 -1.113377562514059581e-02 4.499617099763578709e-01 1.514577648875418091e-02
1.853371495164578553e-01 -1.954807061681582137e-01 1.684555857441688287e-01 2.575093614828399824e-01 -4.417923766351720127e-01 -2.222499057402008427e-01 3.575824382299643278e-01 -3.548293367154381484e-01 -2.405242409879908005e-01 3.329073027339348179e-01
3.130451694355190218e-01 -9.067400998872522655e-02 -3.914496765080259788e-01 6.881201044152840396e-01 -9.445108539767067823e-02 -1.498336237337722088e-01 2.914718274275905907e-01 -3.048109504755117105e-01 -4.952362867467377527e-01 3.296728406767165387e-01
-2.836773635892327894e-01 -1.793779896462547041e-01 1.895811946496960276e-01 -1.395027639146241283e-01 -5.065335598353610802e-01 2.583506754482461920e-01 -1.632115258581025574e-01 1.960604708871331314e-01 -7.830980616074837419e-01 7.066383524208592615e-01
2.159588520221210894e-01 -3.636679504005519425e-01 4.353861317932623543e-01 -2.259108130644814100e-03 -2.565036053728711463e-01 -6.090445399722204112e-01 4.485173363083347908e-01 3.558653360764564288e-01 -7.987447201409438036e-02 1.430593528581876606e-01
8.000319393812810320e-01 -1.824730167204175191e-01 8.443978449739387993e-02 -3.339757741681005920e-01 -7.124119143288529798e-01 6.726163332912445947e-01 8.962238313566890380e-01 -1.633296572401480573e-01 -6.883846093994910875e-01 -8.475488744802909258e-01
2.675329166939878767e-01 -4.750891367774897067e-01 -2.694581406794336331e-01 4.530392072028918138e-01 -1.554717508896590328e-01 4.706039135071596324e-02 -3.236122688290566513e-02 4.609410548007270569e-01 2.121528463908645412e-01 4.234095988439525171e-01
3.968445735501707761e-02 -4.731662932963638379e-01 4.346399559178432681e-01 -2.971523003170663535e-01 9.723387865721816459e-02 -2.753620068814953137e-01 4.650134253496148173e-01 -6.713441527167905987e-01 -8.491394444738928349e-02 1.957151311072128086e-01
1.479880741750812245e-01 -4.042318404117763442e-01 -1.784014407874492947e-01 -5.917679768959026587e-01 6.600769280539132700e-01 2.652583396277063410e-01 5.223068438744595809e-01 -8.731536833526550023e-02 5.795644756829002597e-01 2.756647591186382473e-01
6.092901158713766030e-01 -3.515536336020185781e-01 6.047062826277758152e-01 -8.779098204918173165e-02 -8.239220571158319961e-01 7.797321669137594058e-02 -7.459622555012633549e-02 5.809772633866032709e-01 1.443920365324164456e-01 -4.316029623506225099e-01
2.503686750171419950e-01 -1.378998194486086293e-01 3.165159443061961730e-01 -1.082962638056336413e+00 -1.710330952947200778e-01 -1.650650018426296217e-01 6.379295471772640225e-01 -4.149629581340998352e-01 4.225761965804694653e-01 -4.316464854142116336e-01
-9.003003884229424103e-02 4.129071113892992528e-01 6.213338329163345941e-01 -6.444099832497318658e-01 5.066419327783274751e-01 1.397472431419520544e-01 4.766179376015480806e-01 -1.510282796357790280e-01 -3.327877140705267633e-01 -2.671690787698176028e-01
2.528932932135352640e-01 -1.188238711887152077e-01 -3.842309015489917545e-01 7.670251609596144826e-01 2.748601700506914103e-01 -2.554043043198481189e-01 -3.198802900772793056e-02 -1.361106526067786260e-01 5.229456365991386017e-03 1.399630238940155653e-02
1.089982511835461410e-01 -2.722579101856695827e-01 -1.365188803363177328e-01 1.935674727466279721e-01 -7.146223285896787791e-01 2.620503429256138550e-01 -1.041257230249997279e-01 -6.506653121278177521e-01 1.090173419233249730e+00 6.930086832973719746e-01
-1.184078852074190169e-01 -3.137605892935523277e-01 -1.472286945114234802e-01 -1.073209994567705383e-01 -1.767237551826958755e-02 -3.383313851811831086e-01 -1.023115602005120715e-02 8.177915472361677596e-01 -6.641848580130412794e-01 6.838640251265371006e-01
6.546104990817430691e-02 7.590949150045848137e-01 8.873813522434390588e-01 -5.756741136530704184e-01 -3.591348580803876978e-01 -1.688752373102695992e-01 -3.640661186623482815e-01 -1.870696407728876520e-01 -8.841632496873585989e-01 -2.774789852429561110e-01
-2.242495837288860094e-01 -4.434349505149389747e-01 -1.764493554509077577e-01 5.012586362336088897e-01 1.951215506852705672e-01 -6.341678625044142592e-01 2.701713337337628418e-01 5.800048307633618588e-02 -3.074694174524020274e-01 -2.382722852535485158e-01
-3.220425526173853470e-01 -1.351010494440938459e-01 -2.740406643327261138e-01 -3.269860833095583619e-01 3.944112541615720641e-02 8.484260348136779539e-01 3.045686799844872228e-01 -1.673735170888770996e-01 2.834288377350908106e-01 1.727123611842708850e-01
-4.334798746084511101e-01 2.962766975559564808e-01 -4.523961840561600140e-02 -3.594947530542350611e-01 -5.021686199022009633e-01 4.164561781924787653e-01 3.822153079689558641e-01 2.554898479624381769e-01 -6.838755990377645144e-01 -9.434652455777135793e-02
9.648297553261528728e-03 -5.455393875925886871e-01 2.924341089992926052e-02 -1.232400431334415292e-01 4.713159282010735418e-01 1.901095763566281183e-01 4.389207807637932612e-01 -4.360724646369872337e-01 5.697479353766407018e-01 -4.072107881278490549e-01
-3.972582124709596041e-01 -2.900015295958861539e-01 -3.296910720888298063e-01 1.655532606062162793e-01 -4.506340804693557966e-02 1.832366188658505202e-01 -2.086369432976271365e-01 3.904483331928728096e-01 -2.508999082238562717e-01 1.022515160979614368e+00
4.049068771856253468e-01 -4.903219569918755849e-01 -2.638599196891992446e-02 9.484880157017326896e-01 -4.906194759531233296e-01 5.242222179547001426e-02 -6.742693468028048143e-01 -1.885859787492716322e-01 -4.618998245395007363e-01 1.773408838460953929e-01
4.872760369291956883e-01 2.948001638735881641e-02 6.999418029903438365e-02 2.692262144640402699e-01 -8.635836474209839242e-01 1.675054695783442238e-01 -1.764804823420542401e-01 4.379674938600721656e-01 -4.631065022298185840e-01 -4.177300226939327787e-01
1.164121388156378733e-03 -5.639653790667955580e-01 5.529353646661738786e-02 1.000410901653192436e-01 -4.738888841087098291e-01 -4.333916838620971435e-01 1.093408876170113703e-01 2.048045781257204490e-02 1.127814405480046800e-01 -3.576020101100478854e-01
-4.182925784054264962e-01 1.889121088133997317e-01 -2.624262819436128380e-01 5.061575887653407824e-01 3.655159444145023584e-01 9.647858435137486588e-02 -5.779243639923700160e-01 -4.443870652786633402e-01 7.572990652997448058e-02 7.743661634972029417e-02
3.298640255045414693e-01 1.828497305417630392e-01 -1.281501369418509007e-01 -1.909597689411092203e-01 1.646494871019936468e-01 -6.945959746847855942e-02 1.675948228911982585e-01 -3.105668233817126048e-02 -3.636386303412763588e-01 -1.457558630564917135e-01
-1.825182467219046978e-01 1.114515292903678345e-01 3.339927230888631304e-01 3.012325586215648388e-01 8.564551606566241093e-02 2.125165119396507929e-01 -4.782540921210592377e-01 -3.484283615829515401e-01 2.899781177021193423e-01 -3.809435838609844804e-01
-5.160422032474734078e-01 -4.545814690801822655e-01 -4.555496329571575576e-01 4.735126475353849673e-01 -4.690495306306108891e-01 3.240848279788661190e-01 -1.005666077103519645e-03 -5.769536236163003672e-04 -3.260492321855084086e-01 -1.939538121296482120e-01
-3.162041224735498424e-01 3.635748911460831012e-01 1.000108627093725389e-01 4.851499336541222895e-01 2.720923845489868764e-01 -1.149812459313963808e+00 -1.308763373140192365e-01 -1.530979246957872297e-01 -1.297996073828462937e-01 4.675345076037362019e-02
-4.652797940326420800e-01 -1.100556694283029852e-01 1.537885661585744468e-01 -9.101647958295605231e-03 6.574900117454657300e-01 1.436182513501051694e-01 -6.287634420041223748e-01 -2.561530449940862576e-03 -2.527993230752939025e-01 -5.333240312886760037e-01
-2.676369218661323046e-01 -5.540251035021722670e-01 4.553573239890283397e-01 4.711098458588201532e-01 9.280700298056447639e-02 -2.100168846266484146e-01 1.430266133872376833e-01 -3.433417639146123523e-01 2.745508391675722804e-01 -7.915273672757171253e-02
-8.872642344764292144e-02 7.377789980377318368e-01 1.765885959562899996e-02 -2.057749741191156889e-01 -4.893795618889253130e-02 -2.459815663779295891e-01 5.019789730805901407e-01 -9.433861698393043727e-02 -5.771925714750303360e-01 1.975620938819210859e-01
3.917473341315275137e-01 -3.196166799706548489e-01 -4.422833047342307200e-01 -2.218366665373534274e-01 -3.328265904103500095e-01 -1.797929579039212467e-01 -1.150149028374431032e-01 6.905394332266225066e-02 -2.119091994976167737e-01 -2.081560983315395783e-02
-4.385093371874841939e-01 4.321841412428055196e-01 4.740877974467539446e-01 4.258275619972250459e-01 -5.832894023134624906e-01 4.153730358436838466e-01 1.096025797049723915e-01 -2.671909023370594438e-01 -9.714209489939248932e-02 -1.273427514697852980e-01
1.628468171311403534e-01 -3.161773807402022962e-01 -4.135464483394355462e-01 2.148156108474429116e-01 -4.644536574865126277e-01 4.466252241273639956e-01 5.310320746968537342e-02 -1.031936430587194337e-01 -6.105575755763187340e-01 2.316143616052051546e-01
-2.922208694173236698e-01 -2.899888032430599227e-01 5.813337910130984554e-01 9.055278204861134661e-01 2.613459753153057896e-01 -3.654387350921531330e-01 4.020468458173022674e-01 -9.538297476708575140e-02 -3.864004318119729220e-01 1.797481059072735810e-01
-4.733071338459206023e-01 -8.195630814478365583e-03 -1.704403622332058832e-01 -7.820260187757392678e-02 3.781899976019018061e-01 7.283135600026389989e-02 -5.429625850219382127e-02 -5.415571426307221881e-01 -8.609930472095522758e-02 6.532692438362615039e-01
-5.073110824254275508e-01 4.386215030424877592e-01 -3.271836171304375873e-01 -2.960945008506475906e-01 -3.525050592690376350e-02 -2.480399510352913894e-01 -3.864092040782152737e-01 3.007640358768959299e-01 9.445501149249953265e-02 4.615048082046459554e-01
-1.663382290208788028e-01 5.563107856527864659e-01 8.849702946920069702e-02 -6.438189362123998283e-01 -7.356764986359579650e-01 -4.273928958702070680e-01 3.545982981629832165e-01 5.964969192853202262e-01 1.918229935682528864e-01 -5.294907061061614462e-01
2.308843408665631758e-01 3.958097602339596954e-01 1.426582943316774821e-01 -4.736542348568192340e-01 1.938409162324863932e-01 -2.210774852636726573e-01 6.892298490651656284e-02 6.899834436245362301e-01 -1.044103580028952344e-01 -7.904207179365917435e-01
-2.067469319640842240e-01 7.370203655155899147e-01 2.328493180015588915e-01 -3.202007989132021892e-01 1.942914953079321050e-01 -2.646583662040550844e-01 3.326764976599709267e-01 8.182685328244054812e-01 -9.548809069564609397e-02 -6.601182813542258998e-01
-1.862512170584414151e-01 -1.414773297915244699e-01 1.590480051974442477e-01 -8.124164670761180318e-02 -1.660340247980723327e-01 -2.459108082456230027e-01 -4.148370188066211606e-01 3.291106109751351094e-01 5.124771462261229482e-01 3.520989680229520968e-01
-7.606255707758995399e-01 3.407717514104753875e-01 -3.850048525867427185e-01 -3.762500694929353240e-01 6.192213391109630677e-02 -1.193779967898980360e-01 -2.250709514490335239e-01 -1.081943408088076319e-01 8.994694427968021044e-02 2.621646038401966861e-01
7.095392968613048468e-02 1.346755521484835176e-02 6.145649636819443540e-01 -5.311729661726590779e-01 -4.404795173443507572e-01 -3.268489507790081072e-01 2.601169098118596978e-01 2.505085688362725382e-01 1.483728574055281357e-01 -2.402791744663813067e-01
-3.335548526266952085e-01 2.880026428719835718e-01 5.570166576321873564e-03 6.944411728454576993e-01 -2.546771917384140771e-01 -4.208956341211338853e-02 -2.738012234191699035e-01 -2.888273287369130249e-01 4.543529620927668211e-01 -7.892693365518114179e-01
4.119421670440049921e-01 2.543722265605443122e-01 3.411973154912540940e-01 -2.975390201399675250e-01 7.280210106564136141e-02 1.533610593197922700e-01 -2.667062133525775480e-01 -3.524104204324193107e-02 3.351554428399201591e-01 2.442191849005462823e-01
-4.477950833821240373e-01 -3.055849634757252242e-01 7.347822307773254312e-03 1.875404703062198419e-01 -3.319252093629476708e-01 -1.922370607623264671e-01 4.971679906305046664e-02 1.072967112190702649e-01 1.827232072088410542e-01 -8.911969666232949505e-02
5.337964479306872567e-01 4.671816917283579396e-01 9.217244130630949939e-02 -2.443901292924953450e-01 -9.122706719537039544e-02 1.588914532277796721e-01 -2.913718341540971757e-01 -1.650508943610130841e-01 -2.426864539346288985e-01 2.233362285998704011e-01
-1.770925878033282816e-02 -2.526153563075115294e-01 -1.488111385589424296e-01 2.019668707149970335e-02 4.992227018255852161e-02 5.312895629685630838e-02 6.850627907995357480e-02 3.080074178073953228e-01 -3.338401841895676792e-01 3.954140609740033896e-01
