-2.665289656759566306e-01
-2.599751941690285895e-01
-1.313424443357234517e-01
-3.150067027927788699e-02
-1.523794701043871269e-01
-2.580501544827130678e-01
-2.442804348897550659e-01
-1.663170808436833237e-01
-3.226115864624944374e-01
-2.279688491666045369e-01
-8.113849807673732817e-02
-1.265147301026824933e-01
-1.852673967144400913e-01
-2.478392700166456297e-01
-1.096175935467153806e-01
-5.124088621374470187e-02
-2.134827342263324046e-01
-2.003743393887935931e-01
-2.714229317119129514e-01
-2.075893894812693152e-01
-1.227412841327661375e-01
-2.949293586849886517e-01
-2.194845546609853482e-01
-5.111874978262136160e-02
-1.294308314532355009e-01
-2.131835878114601568e-01
-2.097153632139666102e-01
-1.272703166282797560e-01
-1.211791203073371154e-01
-2.419792052064646537e-01
-2.993646369238550653e-01
-2.183159865026587099e-01
-1.447023879603384078e-01
-6.430760893723470872e-02
-2.699410488247036000e-01
-3.469974581510402722e-01
-3.730807896706717086e-01
-2.876426558638668918e-01
-1.451866674613412900e-01
-2.400520145705458130e-01
-7.819721111096811228e-02
-2.277075912214189535e-01
-2.417029294257794780e-01
-2.089411889165994074e-01
-1.499380572327314587e-01
-2.134047325511821969e-01
-7.653858113899314475e-02
-2.244957313363976914e-01
-1.541590956552023051e-01
-1.862676323519204535e-01
-2.346763562433627770e-01
-6.484480584125379421e-02
-2.923283894898883184e-01
1.595843217711649664e-02
-3.102181213477894772e-02
-1.364514824970567419e-01
-1.607820526909776448e-01
-2.298926405259645034e-01
-1.684849658932059679e-01
-7.289432425109106106e-02
-1.825816781567702607e-01
-2.646584691075138940e-01
-3.823072103747702788e-01
-2.494770678580193191e-01
-1.876562323663425735e-01
-1.325062945792603863e-01
-2.431381956057507010e-01
-2.582921116293418473e-02
-8.116847800830653825e-02
-2.211966612076352034e-01
-7.262528414750958616e-02
-1.558164836397020470e-01
-8.510529272776488907e-02
-1.655388508837998263e-01
-8.678136364354017973e-02
-2.002550567308011009e-01
-1.814406239806416465e-01
-1.083920168688015245e-01
-2.515900410996457781e-01
-3.028532756300126860e-01
-1.997067494532862864e-01
-2.846171226877809435e-01
-1.410687566433413975e-01
-2.929556566061072287e-01
-1.758552269975802718e-01
-1.556486881320962301e-01
-1.323135281183267231e-01
-1.676317439348153360e-01
-1.248349189164068007e-01
-3.285001628638837823e-01
-1.234514808097304933e-01
-1.710370262675351138e-01
-1.868195697907788777e-01
-1.343035603776253639e-01
1.819648812092491269e-02
-1.299873982192188415e-01
-2.834156814342042585e-01
-2.184930162293976241e-01
-2.945342684565950830e-01
-3.142739331478508480e-01
-1.470111096536898254e-01
-8.350648962885590110e-02
-1.552607416874949020e-01
-2.074864127550300474e-01
-1.619714091498030417e-01
-4.911115724795428461e-02
-2.010113384212662280e-01
-2.207333836540853189e-01
-1.346129886874894432e-01
-3.592837065101117111e-01
-1.965782899730406930e-01
-6.665325364075895542e-02
-2.054269491711366580e-01
-1.502289482328556802e-01
-2.511834141917274610e-01
-2.649647468399012329e-01
-3.841913810870501989e-01
-1.614829403791036011e-01
-3.467559238807676331e-02
-1.762183107514818381e-01
-2.211529271157587906e-01
-1.888495294821683768e-01
-3.433169213960837740e-01
-2.401850244202882734e-01
-1.108349975230052548e-01
-7.267488302940905420e-02
-1.650364398585932313e-01
-2.366343580019908965e-01
-2.987864313909356362e-01
-3.428619606961898908e-02
-8.705197314275885112e-02
-2.184803304157285908e-01
-1.302245238457961640e-01
-1.277745132183049637e-01
-1.191094526405429149e-01
-5.675970638856728256e-02
-1.906311946589392958e-01
-2.589328734016954625e-01
-3.370425712204753732e-01
-3.138048620458552818e-01
-2.085971716677574861e-01
-2.498652944263519693e-01
-2.855210102042838316e-01
-3.687112384737517012e-01
-1.179231792030108056e-01
-1.338503030878946121e-01
-1.082678715343846215e-01
-6.968530346474495485e-02
-2.268735556456726588e-01
-2.394169551065098989e-01
-3.123889256684279636e-01
-9.947469953599055725e-02
-7.038493418544543301e-02
-1.950548881933693024e-01
-4.412273843788547256e-03
-2.236184644285365564e-01
-3.221760085294400056e-01
-1.853194108947733287e-01
-2.126294817413455218e-01
-2.194828522697176154e-01
-2.377212175400935656e-01
-2.495475105734144550e-01
-1.981738853130310396e-01
-2.725685307432654247e-01
-5.835587726655432766e-02
-2.085445423518491603e-01
-2.720927333635388412e-01
-2.310688066749369551e-01
-3.478954765424402962e-01
-2.418552560426947828e-01
-1.390287405095519679e-01
-2.350719115097944512e-01
-1.826557991731558306e-01
-1.842822866348991506e-01
-2.011598857615139735e-01
-1.143491021232409255e-01
-1.983387608109086209e-01
-2.306365334940466416e-01
-2.759594095834339567e-01
-4.329827585097198450e-02
-1.611617051054792249e-01
-9.952465500887791583e-02
-4.024348124091659540e-01
-2.481718073241550304e-01
-1.031480704647240038e-01
-1.344560529376146452e-01
-1.539732833447849392e-01
-2.693143548970302059e-01
-1.031581714072077605e-01
-1.129755380363098860e-01
-1.093411865279679679e-01
-1.854097540759867546e-01
-9.569667487712774090e-02
-8.167487024116598660e-02
-1.974465051775916857e-01
-2.313265086660123704e-01
-2.701849697943219386e-01
-2.157577908165547453e-01
-1.076821585284885030e-01
-1.024983929063233296e-01
-1.664026906780556314e-01
7.726703251260513827e-03
-1.256568820077995086e-01
-3.084564070832374050e-01
-2.524889077824265526e-01
-2.751010352996878239e-01
-2.433049495081074654e-01
-3.038721718486729340e-01
-1.776506888098458026e-01
-1.776812756365546697e-01
-2.088048515825891294e-01
-2.219242991011943500e-01
-8.820603825808652487e-02
-3.063926449017170470e-02
-1.428482137364068538e-01
-1.546771346523360124e-01
-3.137641816864402688e-01
-2.053322304428972789e-01
-2.680965434568693961e-01
-1.695155168583578897e-01
-1.591975031012207442e-01
-1.702082337346066676e-01
-1.798178319059340335e-01
-3.483869393642558543e-01
-1.753911199249539310e-01
-2.756189273585123445e-01
-1.239094330746493000e-02
-1.669825631791324316e-01
-1.725969693964438390e-01
-3.382248614563840849e-01
-8.431469270184809017e-02
-2.370418743472421097e-01
-1.234794454047470069e-01
-2.427330999551667312e-01
2.251311941315560158e-02
-2.197717866131777553e-01
-1.530560937131437427e-01
-3.230309900968116738e-03
-2.970964958367093844e-01
-2.397957492990313577e-01
-1.218403218913188396e-01
-1.216118595721978196e-01
-5.132562329594010653e-02
-2.693507126785354422e-01
-9.332976342227396194e-02
-1.278317263103870283e-01
-1.940708027960713622e-01
-2.008025184248097561e-01
3.931719292665984689e-02
-5.765290793926875629e-02
-2.169137630913020032e-01
-2.995089922396697024e-01
-1.763184539376533577e-01
-2.218451225292319418e-01
-8.517212591985064141e-02
-2.339202356275853212e-01
-5.892409857558918856e-02
-3.314506708405366986e-01
-2.537599199842582309e-01
-2.052091551382605739e-01
-2.581095651909125488e-01
-1.759068018871897954e-01
-1.571155155285475780e-01
-3.142861931747451543e-01
-1.338288243287560908e-01
-2.464811677804569501e-01
-9.075262442406875629e-02
-2.449882713265651157e-01
-6.189556259201890731e-02
-1.293857956889755620e-02
-7.624990354841157392e-02
-2.560370809120868230e-01
-1.471294134191633296e-01
-1.813551833701771143e-01
-1.858618012005583964e-01
-1.458038878519641313e-01
-1.842793136757209516e-01
-1.764492957011622870e-02
-1.444515725535044093e-01
-2.869271905251736809e-01
-1.709289668655356309e-01
-2.665399334192244951e-01
-1.385276607776389501e-01
-2.087381498675630331e-01
3.603952370029600560e-02
-2.387874543224525470e-01
-2.042195881122434442e-01
-1.543322154099805443e-01
-1.681257537217421549e-01
-1.564531433812731409e-01
-2.062645674040763100e-01
-1.829015651014595789e-01
-1.890982049475513349e-01
-9.132224903208205347e-02
-1.896079527104893581e-01
-1.304136807245240837e-01
-5.895905578906005667e-02
-1.684657607642689181e-01
-7.351093286958067935e-03
-2.841082080984080327e-01
